1:ItNr	2:Metric	2:Metric0	2:Metric1	3a:Time	3b:StepSize	4:||Gradient0||	4:||Gradient1||	4:||Gradient||	Time0[ms]	Time1[ms]	Time[ms]
0	-0.187957	-0.187957	-0.322384	0.000000	0.817849	1.190730	1.757992	0.051363	4.0	3.2	969.4
1	-0.173930	-0.173930	-0.313979	0.000000	0.817849	1.196728	2.446425	0.054920	10.4	2.1	17.8
2	-0.175420	-0.175420	-0.333480	1.000000	0.780674	1.098533	2.206379	0.045820	4.5	3.8	15.7
3	-0.169551	-0.169551	-0.325813	0.238108	0.808680	0.564917	1.735609	0.027863	16.8	1.8	27.0
4	-0.173293	-0.173293	-0.330398	0.000000	0.817849	0.728795	1.462718	0.031760	3.8	1.5	11.1
5	-0.167972	-0.167972	-0.298196	0.087029	0.814473	0.568753	2.218311	0.034174	13.1	1.9	20.1
6	-0.180353	-0.180353	-0.327942	0.000000	0.817849	0.737704	1.863373	0.044746	3.1	1.5	9.7
7	-0.170868	-0.170868	-0.307386	0.000000	0.817849	0.662643	1.687589	0.029170	3.5	1.5	9.5
8	-0.176575	-0.176575	-0.327483	0.000000	0.817849	0.839776	1.723543	0.043026	21.6	1.8	28.3
9	-0.184366	-0.184366	-0.314781	0.000000	0.817849	0.808390	2.092516	0.048345	2.8	1.6	11.6
10	-0.175631	-0.175631	-0.332132	0.000000	0.817849	1.180519	2.042953	0.053108	3.3	7.2	15.2
11	-0.169018	-0.169018	-0.310918	0.000000	0.817849	0.879529	2.035559	0.041244	3.3	1.7	10.0
12	-0.175817	-0.175817	-0.334017	0.000000	0.817849	0.657692	1.807181	0.027699	3.6	1.6	10.0
13	-0.177645	-0.177645	-0.330709	0.000000	0.817849	0.748397	1.915569	0.033864	3.0	7.4	17.5
14	-0.173554	-0.173554	-0.324696	0.866755	0.785431	1.228642	1.503797	0.052012	3.9	2.1	10.8
15	-0.180298	-0.180298	-0.310929	1.866755	0.751083	0.883929	1.751408	0.043105	8.7	1.7	15.2
16	-0.177854	-0.177854	-0.348221	1.105447	0.776950	1.539871	1.515868	0.072664	2.9	1.5	9.5
17	-0.186622	-0.186622	-0.341421	1.978071	0.747444	1.237909	2.103757	0.052607	2.7	1.7	9.3
18	-0.174082	-0.174082	-0.321541	2.978071	0.716272	1.231004	1.409538	0.049842	9.1	1.6	16.0
19	-0.172711	-0.172711	-0.329121	2.216151	0.739779	1.258589	1.923666	0.059862	2.9	7.9	16.7
20	-0.176929	-0.176929	-0.325253	1.454231	0.764881	0.999912	1.663648	0.057625	3.2	1.6	11.6
21	-0.172116	-0.172116	-0.296935	2.454219	0.732270	1.264829	1.755977	0.058056	3.3	1.6	10.3
22	-0.181504	-0.181504	-0.339220	1.692299	0.756857	0.878615	1.299795	0.048524	6.4	1.6	13.5
23	-0.171552	-0.171552	-0.308057	0.930380	0.783152	0.701287	1.951011	0.031838	4.9	1.9	12.9
24	-0.167540	-0.167540	-0.323572	0.168460	0.811340	0.978628	1.423302	0.041303	5.6	2.2	13.9
25	-0.169206	-0.169206	-0.337720	0.000000	0.817849	0.673099	1.499244	0.031605	17.8	1.7	26.6
26	-0.185744	-0.185744	-0.336581	0.000000	0.817849	0.989726	1.659511	0.041211	2.6	2.5	10.8
27	-0.160481	-0.160481	-0.309275	0.000000	0.817849	0.539457	2.086592	0.041286	3.6	1.9	10.9
28	-0.194809	-0.194809	-0.351677	0.999654	0.780686	0.970603	1.242860	0.047147	8.8	1.8	17.2
29	-0.171102	-0.171102	-0.325808	0.237734	0.808694	0.766865	1.801200	0.038548	2.9	1.6	9.8
30	-0.166589	-0.166589	-0.324519	0.568115	0.796306	0.719683	1.223126	0.037155	3.3	7.4	15.9
31	-0.185011	-0.185011	-0.347818	0.000000	0.817849	0.555390	1.060637	0.035896	3.9	2.2	13.7
32	-0.182519	-0.182519	-0.335871	0.000000	0.817849	0.807464	1.379056	0.034216	6.2	1.7	12.7
33	-0.182340	-0.182340	-0.339631	0.000000	0.817849	0.836332	1.290460	0.038275	3.0	1.6	10.8
34	-0.161424	-0.161424	-0.338370	0.999999	0.780674	0.637031	1.497182	0.024567	2.6	1.5	9.1
35	-0.166116	-0.166116	-0.338279	0.247119	0.808337	0.511938	1.906270	0.030665	9.2	1.5	17.9
36	-0.172009	-0.172009	-0.337444	0.873000	0.785207	0.684526	1.298086	0.038691	3.1	1.7	9.7
37	-0.160087	-0.160087	-0.313559	1.868611	0.751022	1.300616	1.511974	0.063771	11.1	2.2	20.6
38	-0.181421	-0.181421	-0.360294	1.264327	0.771405	0.822582	1.859793	0.039310	4.3	1.7	14.4
39	-0.176766	-0.176766	-0.316265	0.502408	0.798740	0.969267	1.051021	0.046384	3.1	10.1	23.8
40	-0.186343	-0.186343	-0.328463	0.000000	0.817849	0.570644	1.481925	0.027416	3.5	1.8	12.3
41	-0.168764	-0.168764	-0.322594	0.000000	0.817849	0.663329	1.942618	0.026884	3.0	1.7	9.6
42	-0.181735	-0.181735	-0.326182	0.865468	0.785477	0.912040	1.198556	0.035678	12.0	12.1	31.9
43	-0.182554	-0.182554	-0.329882	1.864339	0.751162	1.495054	1.960147	0.070081	3.0	2.2	11.6
44	-0.173116	-0.173116	-0.325080	2.864339	0.719686	0.826092	1.395010	0.052903	3.3	1.6	11.9
45	-0.187462	-0.187462	-0.334388	3.864339	0.690741	0.694746	1.322892	0.041054	9.8	1.8	17.1
46	-0.180054	-0.180054	-0.329824	3.207682	0.709478	0.907071	1.466916	0.042621	3.8	1.9	11.3
47	-0.171645	-0.171645	-0.332795	2.479185	0.731492	0.664233	0.975281	0.032388	3.0	1.6	10.1
48	-0.187427	-0.187427	-0.344182	3.450765	0.702425	1.238525	1.140385	0.047639	8.7	1.7	15.7
49	-0.169668	-0.169668	-0.323826	2.688850	0.725017	0.943463	1.800631	0.042704	3.2	1.9	12.2
50	-0.157966	-0.157966	-0.322285	3.688850	0.695651	0.766848	1.667486	0.035140	7.9	1.6	13.5
51	-0.164912	-0.164912	-0.338804	4.568383	0.671721	0.775546	1.512775	0.037584	2.6	1.3	10.5
52	-0.183580	-0.183580	-0.353621	3.832022	0.691640	0.769818	1.319088	0.050719	9.0	1.9	16.2
53	-0.191009	-0.191009	-0.343476	3.070102	0.713534	1.033451	1.349798	0.042924	3.0	4.5	13.1
54	-0.171676	-0.171676	-0.338810	4.070102	0.685072	0.849910	1.556962	0.055756	10.9	3.9	20.4
55	-0.172199	-0.172199	-0.315693	3.308182	0.706545	0.884404	1.523169	0.048278	9.9	5.1	21.6
56	-0.170125	-0.170125	-0.326687	2.546262	0.729408	1.154341	0.973932	0.046299	4.9	2.0	15.3
57	-0.167292	-0.167292	-0.319527	3.545947	0.699701	1.112357	1.852641	0.046406	16.7	8.0	36.4
58	-0.171682	-0.171682	-0.312146	2.784028	0.722116	0.566580	1.304947	0.031257	3.9	2.5	15.1
59	-0.162147	-0.162147	-0.325483	2.022108	0.746014	0.756698	1.871950	0.042445	3.3	1.8	13.3
60	-0.187029	-0.187029	-0.358250	1.347472	0.768535	0.661241	1.838453	0.032198	6.7	1.4	15.3
61	-0.168733	-0.168733	-0.310304	2.347340	0.735622	1.093252	1.590860	0.045668	5.0	2.7	16.8
62	-0.171537	-0.171537	-0.332845	1.585421	0.760439	0.701844	0.968801	0.036337	10.9	14.8	31.7
63	-0.179610	-0.179610	-0.344854	2.585420	0.728197	1.070384	1.259043	0.042483	2.9	1.6	9.9
64	-0.179955	-0.179955	-0.330903	3.340759	0.705599	1.005804	1.815265	0.043671	3.3	1.8	11.2
65	-0.173975	-0.173975	-0.325131	3.787322	0.692887	0.917901	1.671398	0.038177	9.4	1.7	17.1
66	-0.164467	-0.164467	-0.301253	3.025414	0.714861	0.959894	1.378789	0.041394	3.1	1.6	11.8
67	-0.184017	-0.184017	-0.344340	2.263514	0.738273	1.012916	1.907391	0.043369	3.0	1.5	21.0
68	-0.184542	-0.184542	-0.322172	3.263514	0.707846	1.258123	1.366714	0.063034	6.2	1.8	14.6
69	-0.179008	-0.179008	-0.337202	2.501594	0.730794	0.850025	1.304727	0.042278	8.0	2.0	23.1
70	-0.187172	-0.187172	-0.343022	3.501594	0.700968	1.009076	1.910386	0.049867	2.7	3.4	12.0
71	-0.161083	-0.161083	-0.332271	2.739674	0.723465	0.818152	1.686112	0.040404	2.7	1.8	9.7
72	-0.156946	-0.156946	-0.315081	2.230022	0.739337	1.208982	1.995104	0.054384	13.7	11.8	32.6
73	-0.169224	-0.169224	-0.311289	3.229998	0.708825	1.148364	1.248689	0.052378	3.1	1.5	10.1
74	-0.170487	-0.170487	-0.320342	4.226528	0.680824	0.491051	1.234590	0.034112	2.9	1.8	10.5
75	-0.193814	-0.193814	-0.339936	3.464608	0.702027	0.816753	1.569329	0.045332	3.4	3.1	13.8
76	-0.184467	-0.184467	-0.342263	4.464593	0.674459	0.918622	1.379871	0.043649	21.3	3.4	30.0
77	-0.177063	-0.177063	-0.340943	4.293880	0.679011	0.436758	1.194209	0.023175	6.2	2.0	17.1
78	-0.181584	-0.181584	-0.345370	3.531995	0.700099	0.863747	1.415569	0.039656	8.4	1.4	16.7
79	-0.179737	-0.179737	-0.341004	2.778059	0.722297	0.909958	1.481510	0.042817	2.7	1.5	9.2
80	-0.184787	-0.184787	-0.336163	2.016139	0.746208	0.864441	1.229449	0.034772	2.8	1.5	8.8
81	-0.175991	-0.175991	-0.317787	3.016136	0.715137	0.559536	1.271196	0.033185	20.4	1.6	27.4
82	-0.185439	-0.185439	-0.345210	2.254398	0.738562	0.570097	1.135274	0.025435	2.4	1.7	11.6
83	-0.174189	-0.174189	-0.341727	3.207265	0.709490	1.046813	1.377804	0.048447	2.9	1.7	11.5
84	-0.172248	-0.172248	-0.306721	4.201247	0.681507	0.654884	2.253459	0.042234	3.3	9.2	17.6
85	-0.166214	-0.166214	-0.319230	3.439327	0.702754	0.906237	1.840881	0.042937	6.3	5.9	18.0
86	-0.191624	-0.191624	-0.328703	2.677408	0.725368	0.685750	1.136403	0.036952	2.7	1.3	9.5
87	-0.179514	-0.179514	-0.353519	3.604984	0.698022	0.469745	1.814216	0.033115	3.0	1.4	9.2
88	-0.178786	-0.178786	-0.338222	2.844244	0.720292	1.113043	1.792535	0.064572	7.5	1.5	15.2
89	-0.182263	-0.182263	-0.337705	2.279078	0.737779	1.301696	1.353633	0.060496	3.2	1.7	10.1
90	-0.186526	-0.186526	-0.339910	1.517273	0.762740	0.889189	1.542004	0.045684	7.1	1.4	13.9
91	-0.175874	-0.175874	-0.313385	0.885138	0.784771	0.775661	1.475774	0.047316	2.9	1.5	9.9
92	-0.177689	-0.177689	-0.348543	0.123218	0.813078	1.402456	2.031101	0.054875	3.0	7.4	16.9
93	-0.177921	-0.177921	-0.336488	0.000000	0.817849	0.544191	1.557342	0.028953	2.9	1.5	11.2
94	-0.180447	-0.180447	-0.358718	0.000000	0.817849	1.142095	1.740422	0.060915	7.8	1.6	14.9
95	-0.161771	-0.161771	-0.329999	0.999990	0.780674	1.010755	1.985196	0.042417	2.8	1.5	10.9
96	-0.185566	-0.185566	-0.334027	1.999983	0.746732	1.037293	1.352419	0.054174	2.9	2.1	12.6
97	-0.186897	-0.186897	-0.326878	1.238063	0.772317	1.354372	1.572439	0.054544	5.4	1.8	13.0
98	-0.177111	-0.177111	-0.351348	2.238063	0.739082	0.956599	1.389479	0.038059	3.5	1.9	12.2
99	-0.169460	-0.169460	-0.322684	3.224595	0.708983	0.731379	1.312882	0.030755	9.5	1.9	17.3
100	-0.171931	-0.171931	-0.351784	2.462675	0.732006	1.388346	1.607519	0.059121	3.4	1.9	10.5
101	-0.175716	-0.175716	-0.336771	3.462592	0.702085	0.622242	1.641572	0.039058	2.8	1.7	11.1
102	-0.178034	-0.178034	-0.336741	4.462592	0.674512	0.870814	1.598980	0.037582	8.0	1.9	14.9
103	-0.161762	-0.161762	-0.325563	5.461743	0.649044	1.016007	1.183836	0.046995	2.8	1.6	9.5
104	-0.174685	-0.174685	-0.343271	4.706394	0.668115	1.151337	1.668697	0.060234	15.0	1.9	22.6
105	-0.192403	-0.192403	-0.343471	3.944474	0.688522	1.244926	1.023531	0.051424	3.6	1.8	13.1
106	-0.195485	-0.195485	-0.345503	3.182554	0.710215	0.519058	1.658326	0.046235	2.6	1.5	9.3
107	-0.185499	-0.185499	-0.334983	4.182554	0.682013	0.673790	1.532063	0.030024	6.5	2.3	14.4
108	-0.171067	-0.171067	-0.327010	3.518215	0.700492	1.089768	1.525934	0.047723	3.5	1.6	10.5
109	-0.158831	-0.158831	-0.318688	2.902606	0.718534	0.840346	1.728852	0.043289	2.8	7.8	16.4
110	-0.190083	-0.190083	-0.348777	2.140716	0.742191	1.395834	1.796081	0.074844	3.3	1.7	10.4
111	-0.169977	-0.169977	-0.329246	1.378796	0.767460	1.067329	1.570135	0.044032	9.4	1.8	16.3
112	-0.164141	-0.164141	-0.315876	0.616876	0.794510	0.761535	1.871344	0.049219	2.7	1.8	9.7
113	-0.176494	-0.176494	-0.362191	0.000000	0.817849	0.802859	1.259481	0.038361	3.2	2.0	10.6
114	-0.189554	-0.189554	-0.329167	1.000000	0.780674	0.777860	1.684693	0.037289	9.4	1.9	16.6
115	-0.189503	-0.189503	-0.363712	0.755134	0.789461	0.743067	1.670695	0.037116	4.6	1.9	13.8
116	-0.155201	-0.155201	-0.305769	0.000000	0.817849	1.542629	1.817066	0.062668	3.6	9.1	17.2
117	-0.173029	-0.173029	-0.353048	0.412867	0.802080	0.628500	1.495397	0.027264	4.4	1.8	11.6
118	-0.175894	-0.175894	-0.333836	1.412867	0.766293	0.764448	1.525596	0.042183	14.2	1.8	23.4
119	-0.183572	-0.183572	-0.335574	0.653030	0.793183	0.673381	1.529210	0.033946	2.7	1.5	10.3
120	-0.184282	-0.184282	-0.362272	1.653030	0.758169	1.365378	1.749927	0.052387	3.2	15.0	23.9
121	-0.185322	-0.185322	-0.352190	0.891237	0.784552	0.887410	1.558340	0.037661	3.3	9.1	21.7
122	-0.178427	-0.178427	-0.332870	1.891237	0.750279	0.915731	1.541446	0.036103	3.2	1.4	10.4
123	-0.182704	-0.182704	-0.341112	2.628743	0.726862	0.896790	1.433331	0.038677	3.3	1.3	11.3
124	-0.194372	-0.194372	-0.361600	1.876302	0.750769	0.772023	1.566341	0.038899	3.0	1.6	11.3
125	-0.180166	-0.180166	-0.329234	1.676581	0.757382	0.971089	1.833193	0.044291	3.3	1.7	10.2
126	-0.191672	-0.191672	-0.329549	0.970852	0.781710	0.987461	1.529661	0.042075	12.6	1.7	19.9
127	-0.189913	-0.189913	-0.340933	1.703572	0.756481	0.645006	1.622303	0.026696	3.5	1.8	12.6
128	-0.170573	-0.170573	-0.335690	0.941684	0.782749	0.638217	2.129948	0.037071	14.9	2.9	25.3
129	-0.170810	-0.170810	-0.336229	0.372045	0.803612	1.033596	1.363592	0.050028	6.1	2.4	15.8
130	-0.191878	-0.191878	-0.363587	1.213693	0.773164	0.628352	1.685564	0.033244	5.7	1.8	12.6
131	-0.184927	-0.184927	-0.345456	2.213677	0.739858	1.030842	2.004353	0.046753	15.1	1.4	21.7
132	-0.168049	-0.168049	-0.342181	3.201973	0.709646	1.188985	1.470775	0.050317	5.2	2.1	12.5
133	-0.171921	-0.171921	-0.334517	4.201965	0.681488	0.727265	2.100746	0.028756	10.4	2.1	19.7
134	-0.184023	-0.184023	-0.354291	4.049499	0.685635	0.588693	1.041462	0.032263	6.8	7.3	20.5
135	-0.189315	-0.189315	-0.346761	4.818203	0.665222	1.083015	1.320520	0.051442	7.4	1.9	15.0
136	-0.200520	-0.200520	-0.367777	4.063055	0.685265	0.784973	1.447719	0.055537	4.3	2.0	15.5
137	-0.176903	-0.176903	-0.335567	5.062929	0.658975	0.814077	1.932472	0.041443	8.8	1.8	17.8
138	-0.171255	-0.171255	-0.322468	6.055643	0.634796	1.346477	1.477710	0.051904	3.4	2.9	15.3
139	-0.183075	-0.183075	-0.361853	5.298174	0.653080	0.820953	2.014804	0.039967	18.8	2.0	26.8
140	-0.172456	-0.172456	-0.328014	6.298157	0.629157	0.459374	1.107122	0.033258	3.0	1.4	10.2
141	-0.175928	-0.175928	-0.335205	5.536255	0.647221	0.679128	1.794583	0.030523	6.5	1.5	13.5
142	-0.176226	-0.176226	-0.331395	4.813003	0.665356	0.716643	1.872407	0.030560	22.5	1.7	29.6
143	-0.183298	-0.183298	-0.344543	5.433864	0.649728	1.173985	2.305813	0.052985	3.2	1.9	10.2
144	-0.194294	-0.194294	-0.338332	6.422614	0.626301	0.815787	1.522070	0.033780	2.9	1.9	9.7
145	-0.172143	-0.172143	-0.307955	5.660695	0.644200	0.961144	2.017335	0.052004	12.5	12.0	30.6
146	-0.180538	-0.180538	-0.358895	4.925658	0.662464	0.602061	1.946396	0.024456	3.2	1.5	12.1
147	-0.163032	-0.163032	-0.331546	4.164429	0.682504	0.740331	2.212386	0.042293	2.9	1.6	9.2
148	-0.188533	-0.188533	-0.361632	3.436136	0.702845	1.176295	1.377476	0.060779	7.1	1.5	13.9
149	-0.195148	-0.195148	-0.348841	2.674218	0.725465	0.688313	1.568895	0.034944	2.8	1.7	9.9
150	-0.181989	-0.181989	-0.348078	3.674218	0.696064	0.707063	1.445614	0.038307	2.8	1.4	9.3
151	-0.190031	-0.190031	-0.341466	4.674216	0.668952	0.804659	1.254166	0.037018	7.5	1.5	15.2
152	-0.176182	-0.176182	-0.330050	3.912309	0.689411	1.150812	2.686099	0.054718	3.1	1.5	9.6
153	-0.178447	-0.178447	-0.337597	4.912309	0.662806	1.628586	2.198953	0.065349	8.2	2.0	15.4
154	-0.177845	-0.177845	-0.350742	4.150389	0.682885	0.534173	1.244863	0.028428	2.7	1.8	9.4
155	-0.185099	-0.185099	-0.346583	3.388469	0.704219	0.777549	1.483315	0.037906	3.0	7.9	16.2
156	-0.168654	-0.168654	-0.326891	2.670892	0.725567	0.912542	1.451296	0.041906	3.3	1.5	10.1
157	-0.180648	-0.180648	-0.334690	3.670891	0.696157	0.598314	1.832794	0.047057	10.0	1.5	16.7
158	-0.173261	-0.173261	-0.344170	4.670891	0.669039	0.814371	2.141690	0.040177	2.6	1.4	9.5
159	-0.175806	-0.175806	-0.333603	3.953589	0.688271	0.785329	1.606109	0.036136	2.6	1.6	9.0
160	-0.171718	-0.171718	-0.317195	3.264275	0.707824	0.935966	1.512935	0.046344	6.7	1.6	13.4
161	-0.178176	-0.178176	-0.347315	3.582900	0.698649	1.208893	1.850449	0.057174	2.8	1.6	11.7
162	-0.193763	-0.193763	-0.359491	2.820980	0.720996	0.670595	1.743264	0.030811	3.5	1.5	20.9
163	-0.177308	-0.177308	-0.345408	2.173839	0.741130	1.326502	1.639025	0.062902	2.8	1.4	9.5
164	-0.191870	-0.191870	-0.373899	1.411919	0.766325	0.769611	1.179861	0.042594	10.5	7.5	26.6
165	-0.179721	-0.179721	-0.354385	0.649999	0.793294	0.444676	1.410174	0.023370	2.9	1.4	11.6
166	-0.174518	-0.174518	-0.352419	0.000000	0.817849	0.732872	1.425485	0.029094	14.1	1.7	22.4
167	-0.184617	-0.184617	-0.374055	0.984340	0.781230	1.253339	1.403296	0.059388	2.9	1.5	9.8
168	-0.183023	-0.183023	-0.342040	1.983389	0.747271	0.816208	1.630849	0.043551	8.4	1.8	15.7
169	-0.191813	-0.191813	-0.374886	2.983389	0.716113	0.929367	1.020248	0.039069	3.3	1.6	10.6
170	-0.178556	-0.178556	-0.340777	2.778237	0.722292	0.948425	2.074133	0.044497	3.4	1.5	10.0
171	-0.180120	-0.180120	-0.357170	2.658635	0.725943	0.934871	1.408313	0.033637	14.4	1.6	23.5
172	-0.181487	-0.181487	-0.368952	1.896719	0.750100	1.260213	1.724602	0.054345	3.0	1.6	9.4
173	-0.178904	-0.178904	-0.357411	1.469421	0.764364	0.690967	1.635161	0.031505	3.2	1.9	10.3
174	-0.179301	-0.179301	-0.329697	2.433716	0.732911	0.823451	1.649135	0.035501	14.0	2.6	23.8
175	-0.180279	-0.180279	-0.341427	1.671824	0.757540	0.775349	0.880309	0.042122	2.7	1.4	11.3
176	-0.187580	-0.187580	-0.374248	0.909915	0.783884	1.116397	0.838000	0.041168	3.8	7.1	18.0
177	-0.168292	-0.168292	-0.326392	0.147995	0.812125	0.772030	1.714811	0.031727	3.1	2.0	10.3
178	-0.176745	-0.176745	-0.347279	0.000000	0.817849	0.717395	1.280327	0.039621	2.8	1.4	9.4
179	-0.179615	-0.179615	-0.364327	0.997137	0.780775	0.964465	1.603359	0.044547	8.8	1.5	15.5
180	-0.182141	-0.182141	-0.367533	0.235238	0.808789	0.932388	1.820391	0.036018	3.3	1.5	10.1
181	-0.169220	-0.169220	-0.336984	0.000000	0.817849	1.020236	2.818271	0.056127	6.2	1.5	13.2
182	-0.185064	-0.185064	-0.354055	0.964058	0.781951	1.051559	1.129414	0.041644	2.6	1.5	9.4
183	-0.181881	-0.181881	-0.352016	0.202151	0.810051	0.560096	1.196810	0.023361	11.9	1.7	18.7
184	-0.165372	-0.165372	-0.332667	1.202144	0.773566	0.991132	1.238482	0.048730	2.8	1.4	7.2
185	-0.191568	-0.191568	-0.378804	0.440231	0.801056	0.556662	0.996943	0.030080	3.1	1.7	10.0
186	-0.176206	-0.176206	-0.357788	0.000000	0.817849	0.696613	1.082537	0.037675	8.8	3.3	17.7
187	-0.176524	-0.176524	-0.332919	0.000000	0.817849	1.222755	1.881588	0.049391	2.6	1.5	9.5
188	-0.193874	-0.193874	-0.364700	0.645408	0.793463	0.769680	2.075300	0.039423	13.8	2.3	21.4
189	-0.181054	-0.181054	-0.346225	0.000000	0.817849	1.002559	1.694678	0.042122	13.4	1.7	20.9
190	-0.168556	-0.168556	-0.343728	1.000000	0.780674	0.648208	1.656097	0.026065	2.7	1.9	8.1
191	-0.178879	-0.178879	-0.352378	0.262430	0.807755	0.798729	1.087234	0.032737	3.0	1.7	9.9
192	-0.183768	-0.183768	-0.356787	1.245944	0.772043	0.629791	1.648617	0.024548	6.4	1.4	13.2
193	-0.178503	-0.178503	-0.328746	1.892789	0.750229	0.708408	1.483751	0.040683	2.8	1.6	9.3
194	-0.177256	-0.177256	-0.355982	2.885513	0.719048	0.779431	1.542402	0.033996	9.2	2.0	16.2
195	-0.174942	-0.174942	-0.337553	3.885513	0.690154	1.097725	1.607927	0.043842	2.5	1.8	8.7
196	-0.186408	-0.186408	-0.347173	4.885513	0.663492	0.795343	1.288687	0.036448	2.8	1.7	11.5
197	-0.175656	-0.175656	-0.348891	5.883166	0.638869	0.858300	1.672091	0.044725	5.2	1.8	12.0
198	-0.195639	-0.195639	-0.351880	6.270988	0.629784	0.642024	1.498609	0.033588	2.6	1.6	11.6
199	-0.182931	-0.182931	-0.366597	5.509069	0.647885	1.184829	1.020666	0.053291	8.1	2.0	14.8
200	-0.177883	-0.177883	-0.347080	6.509054	0.624334	1.487996	1.218423	0.064111	2.9	1.8	9.9
201	-0.182672	-0.182672	-0.331461	5.747134	0.642118	1.105334	1.380711	0.046536	11.3	3.0	21.9
202	-0.179206	-0.179206	-0.346292	6.747035	0.618979	0.440297	1.556734	0.022553	4.3	3.3	12.7
203	-0.185048	-0.185048	-0.327506	5.985682	0.636442	1.027567	1.558843	0.046439	3.9	10.4	27.1
204	-0.182416	-0.182416	-0.333146	5.227444	0.654842	1.086940	1.685644	0.056472	6.0	2.0	13.5
205	-0.171165	-0.171165	-0.332288	4.465533	0.674434	0.615990	1.668988	0.024655	3.6	2.1	12.1
206	-0.189449	-0.189449	-0.368685	3.703658	0.695234	0.664785	1.216890	0.030707	3.4	9.6	21.2
207	-0.186118	-0.186118	-0.339078	2.962668	0.716733	1.218565	2.141534	0.052117	13.1	2.3	22.8
208	-0.178038	-0.178038	-0.321272	2.200750	0.740270	0.557223	1.911197	0.024449	3.0	2.0	10.1
209	-0.177184	-0.177184	-0.347849	1.453975	0.764890	0.802359	1.621128	0.036256	3.1	2.0	10.5
210	-0.187843	-0.187843	-0.357113	0.692279	0.791748	0.727814	1.841468	0.035390	21.7	2.0	30.7
211	-0.185671	-0.185671	-0.359165	0.000000	0.817849	1.088371	1.417698	0.049530	3.6	1.8	12.0
212	-0.170736	-0.170736	-0.334834	0.000000	0.817849	1.364771	1.300444	0.052473	3.4	1.7	10.7
213	-0.209296	-0.209296	-0.375327	0.000000	0.817849	0.639977	1.613068	0.030554	22.7	3.5	31.7
214	-0.174900	-0.174900	-0.322984	0.981747	0.781322	1.005752	1.581059	0.048573	3.9	2.4	11.6
215	-0.191217	-0.191217	-0.376764	1.018380	0.780022	0.649963	1.049752	0.029909	3.0	2.0	10.6
216	-0.198293	-0.198293	-0.343223	0.897323	0.784334	1.075595	2.173232	0.044767	3.6	2.0	11.1
217	-0.183022	-0.183022	-0.341000	0.151056	0.812008	0.826905	1.334780	0.043673	15.4	1.9	32.3
218	-0.201586	-0.201586	-0.370976	0.000000	0.817849	0.507828	1.552763	0.025591	3.5	1.8	10.5
219	-0.198040	-0.198040	-0.352336	0.999521	0.780691	0.845548	1.616886	0.041831	3.0	1.8	10.4
220	-0.186380	-0.186380	-0.351614	1.986805	0.747160	0.614538	1.735955	0.026589	3.4	23.1	33.5
221	-0.183782	-0.183782	-0.335564	1.275683	0.771012	0.918885	2.660204	0.035732	3.5	2.0	10.7
222	-0.195314	-0.195314	-0.359828	2.215384	0.739804	0.893898	1.850573	0.038923	5.6	1.9	12.8
223	-0.181302	-0.181302	-0.342214	3.215364	0.709253	0.512349	1.501301	0.023406	11.8	1.5	19.4
224	-0.191194	-0.191194	-0.372976	3.463270	0.702066	0.770824	1.387474	0.036999	3.2	1.7	13.4
225	-0.190996	-0.190996	-0.338954	2.867250	0.719598	0.820195	1.289903	0.032627	11.4	13.1	29.8
226	-0.181896	-0.181896	-0.344353	2.374040	0.734782	0.729063	1.254681	0.028567	3.0	6.0	16.5
227	-0.194108	-0.194108	-0.332694	3.268856	0.707690	0.856471	1.624502	0.040879	2.8	2.1	10.4
228	-0.184598	-0.184598	-0.362883	2.608322	0.727490	0.838330	2.070663	0.037802	4.3	1.7	11.3
229	-0.192831	-0.192831	-0.363983	1.846751	0.751740	1.304191	1.762615	0.056165	2.9	2.1	10.4
230	-0.188211	-0.188211	-0.337010	1.084831	0.777675	0.936486	1.850750	0.039407	3.1	2.1	12.7
231	-0.178493	-0.178493	-0.326007	0.821089	0.787075	1.165033	1.854808	0.048849	16.2	2.1	28.8
232	-0.180526	-0.180526	-0.341830	1.821089	0.752586	1.316371	1.678409	0.051603	2.9	2.3	12.7
233	-0.185525	-0.185525	-0.365029	2.821089	0.720992	0.752562	1.084621	0.039886	2.7	1.5	9.6
234	-0.186660	-0.186660	-0.350741	3.821089	0.691945	0.868218	1.905054	0.037688	7.6	1.5	15.9
235	-0.185116	-0.185116	-0.361916	3.135745	0.711593	1.242618	1.444410	0.054514	2.7	1.5	11.5
236	-0.191352	-0.191352	-0.333713	4.135745	0.683283	0.879106	1.607955	0.035346	19.1	1.7	25.9
237	-0.183503	-0.183503	-0.328853	3.373825	0.704642	0.892804	1.494661	0.048727	2.7	1.6	9.5
238	-0.176760	-0.176760	-0.329312	2.611905	0.727380	1.159525	2.584650	0.050368	3.1	1.7	10.0
239	-0.189202	-0.189202	-0.335259	1.849985	0.751634	0.863170	1.536309	0.050123	10.8	6.1	25.7
240	-0.182697	-0.182697	-0.345530	1.851660	0.751579	0.925425	1.827998	0.048128	2.6	1.5	11.3
241	-0.185136	-0.185136	-0.337864	2.851511	0.720073	0.705367	1.691031	0.035468	2.6	1.4	9.0
242	-0.189826	-0.189826	-0.378316	2.577941	0.728428	1.092199	1.349028	0.059159	8.4	1.9	15.4
243	-0.184664	-0.184664	-0.352512	3.577941	0.698790	0.934812	1.419383	0.042030	3.1	1.5	12.0
244	-0.186391	-0.186391	-0.344907	2.816021	0.721146	0.632607	1.377367	0.038290	6.6	1.6	13.5
245	-0.191778	-0.191778	-0.360812	3.816000	0.692087	1.004607	1.304998	0.044353	2.3	1.5	11.2
246	-0.184479	-0.184479	-0.348708	3.054080	0.714009	0.619824	2.107508	0.035039	2.7	1.6	9.1
247	-0.176063	-0.176063	-0.340562	4.045718	0.685739	0.608725	1.867782	0.030012	7.6	1.6	14.8
248	-0.190069	-0.190069	-0.347797	3.283817	0.707254	0.796153	1.879924	0.041486	2.9	1.8	10.0
249	-0.187714	-0.187714	-0.329044	2.521899	0.730163	1.191292	1.587533	0.052754	2.7	1.7	14.0
250	-0.196831	-0.196831	-0.360151	1.759979	0.754606	1.210795	1.819845	0.047062	3.4	1.7	9.8
251	-0.173675	-0.173675	-0.334483	1.511760	0.762927	0.633334	1.765044	0.033939	2.6	1.3	8.6
252	-0.191470	-0.191470	-0.351628	2.511745	0.730479	0.774641	1.857140	0.034144	2.9	1.5	9.1
253	-0.192981	-0.192981	-0.364580	2.533857	0.729792	0.951168	2.104173	0.037730	7.8	1.7	14.6
254	-0.204416	-0.204416	-0.380391	1.779022	0.753975	0.638802	1.101151	0.029335	3.0	2.0	10.2
255	-0.180428	-0.180428	-0.344462	2.680258	0.725280	1.333484	1.268929	0.062446	3.2	8.0	17.0
256	-0.184359	-0.184359	-0.353552	2.430681	0.733006	1.057443	1.909914	0.054537	2.9	1.5	9.9
257	-0.185628	-0.185628	-0.373353	3.430681	0.703002	0.546931	1.844282	0.026893	8.8	1.5	15.4
258	-0.202369	-0.202369	-0.358763	2.670116	0.725591	0.988918	1.437001	0.037458	2.8	1.8	11.7
259	-0.180225	-0.180225	-0.352338	2.425608	0.733165	0.882939	1.217008	0.047013	3.0	1.7	11.9
260	-0.184388	-0.184388	-0.347242	1.663688	0.757812	0.693134	1.601730	0.031631	6.3	1.6	12.0
261	-0.173592	-0.173592	-0.335808	0.901771	0.784175	0.624471	1.613766	0.025103	2.6	1.5	7.3
262	-0.191625	-0.191625	-0.340555	0.643371	0.793537	0.473480	1.116733	0.026145	2.7	1.5	7.3
263	-0.184766	-0.184766	-0.349004	0.575244	0.796043	1.114437	1.337861	0.047649	8.8	1.7	15.8
264	-0.173613	-0.173613	-0.327969	1.575244	0.760781	1.208122	2.034511	0.053854	3.7	2.0	11.2
265	-0.192674	-0.192674	-0.338759	2.575244	0.728511	0.737492	1.405043	0.031338	7.9	1.8	15.1
266	-0.188325	-0.188325	-0.372659	3.575090	0.698871	1.094484	1.730205	0.044043	3.0	3.6	11.8
267	-0.188510	-0.188510	-0.355837	3.160295	0.710870	0.645633	1.297146	0.027219	2.8	1.5	7.9
268	-0.194746	-0.194746	-0.347333	4.160278	0.682617	0.717250	1.786657	0.029829	8.7	1.8	15.7
269	-0.190829	-0.190829	-0.353591	3.398364	0.703933	0.881413	1.893015	0.037276	3.2	1.5	9.0
270	-0.186124	-0.186124	-0.341628	4.378572	0.676745	1.103079	1.091645	0.047053	4.3	8.3	20.1
271	-0.189548	-0.189548	-0.343606	3.616652	0.697691	0.431225	1.615667	0.028351	2.6	1.4	9.2
272	-0.186656	-0.186656	-0.348163	2.932609	0.717633	0.409172	1.725334	0.018263	8.6	1.4	15.5
273	-0.200878	-0.200878	-0.357357	2.585635	0.728190	1.096652	1.145991	0.068632	2.4	1.4	7.6
274	-0.186615	-0.186615	-0.354678	1.823731	0.752499	0.724698	1.221560	0.035426	3.1	1.8	8.7
275	-0.203314	-0.203314	-0.369516	1.061811	0.778487	1.268132	1.137080	0.049699	8.2	1.9	15.8
276	-0.189998	-0.189998	-0.358596	0.299928	0.806333	0.646124	1.745288	0.040791	2.4	1.4	9.0
277	-0.185309	-0.185309	-0.342834	0.000000	0.817849	0.791503	1.642985	0.031197	2.7	1.4	9.0
278	-0.189742	-0.189742	-0.358576	0.999988	0.780674	0.602722	1.620828	0.027494	7.4	1.7	16.2
279	-0.181873	-0.181873	-0.351571	0.238110	0.808679	0.701993	0.871704	0.029996	2.7	1.4	13.2
280	-0.178550	-0.178550	-0.347015	0.000000	0.817849	0.507276	1.314224	0.027545	8.8	1.7	18.1
281	-0.185273	-0.185273	-0.336404	0.000000	0.817849	1.209918	1.874176	0.050204	2.8	1.5	10.3
282	-0.177881	-0.177881	-0.329580	0.113055	0.813469	0.837923	1.704269	0.033889	8.1	1.6	15.1
283	-0.198224	-0.198224	-0.355612	1.113055	0.776683	0.944233	1.581014	0.039921	2.8	1.5	9.4
284	-0.196356	-0.196356	-0.372286	0.374881	0.803505	1.086287	1.982067	0.043950	3.1	1.8	10.2
285	-0.196184	-0.196184	-0.355618	0.000000	0.817849	0.970602	1.408692	0.045471	7.6	1.6	14.8
286	-0.190066	-0.190066	-0.350220	0.000000	0.817849	1.123875	1.594174	0.043212	2.7	1.7	9.8
287	-0.186693	-0.186693	-0.352712	0.000000	0.817849	1.259572	1.980166	0.055233	2.9	2.1	10.1
288	-0.190447	-0.190447	-0.378485	1.000000	0.780674	0.752930	1.451748	0.042080	6.9	1.6	13.5
289	-0.183183	-0.183183	-0.372968	0.267717	0.807554	0.738477	1.560945	0.030590	2.8	1.6	8.1
290	-0.192802	-0.192802	-0.355809	0.081659	0.814681	1.060920	1.025063	0.045672	2.7	1.5	9.2
291	-0.174696	-0.174696	-0.353376	1.037574	0.779343	0.875317	1.374310	0.038887	7.2	1.7	13.0
292	-0.178305	-0.178305	-0.336888	1.984452	0.747237	0.822712	1.451011	0.034848	2.9	1.8	9.9
293	-0.198165	-0.198165	-0.342241	1.237557	0.772334	1.184793	1.570555	0.053753	8.0	2.0	15.4
294	-0.202325	-0.202325	-0.367582	2.235921	0.739150	1.109833	1.511567	0.046431	2.7	1.5	9.4
295	-0.204724	-0.204724	-0.345743	1.474018	0.764208	0.808839	1.506539	0.043976	2.7	1.8	9.3
296	-0.205542	-0.205542	-0.373415	2.472463	0.731701	0.767435	1.242451	0.038139	10.7	10.1	26.2
297	-0.191835	-0.191835	-0.352121	3.470756	0.701851	0.989449	1.690376	0.044014	7.7	1.7	16.3
298	-0.183754	-0.183754	-0.345805	4.470756	0.674296	0.907959	1.403179	0.036891	8.0	1.9	15.0
299	-0.203932	-0.203932	-0.376724	5.470750	0.648823	1.142577	1.241934	0.052092	2.9	2.5	10.7
300	-0.206314	-0.206314	-0.344406	4.713342	0.667934	1.060470	1.528862	0.049993	9.3	2.3	17.9
301	-0.206103	-0.206103	-0.378875	3.951422	0.688330	0.665897	1.678265	0.037320	3.0	1.9	10.4
302	-0.197425	-0.197425	-0.372079	4.769980	0.666466	0.713368	1.433060	0.030092	2.6	1.5	9.1
303	-0.177910	-0.177910	-0.353630	5.766150	0.641662	1.117584	1.709681	0.052678	20.0	4.5	29.7
304	-0.194462	-0.194462	-0.362930	6.765947	0.618557	0.782442	1.409484	0.037467	3.0	2.8	13.2
305	-0.198124	-0.198124	-0.364823	6.004027	0.636010	1.498741	1.615379	0.068571	2.9	2.0	10.6
306	-0.201182	-0.201182	-0.357422	7.004026	0.613298	1.095689	1.096025	0.050012	12.5	1.5	19.2
307	-0.192007	-0.192007	-0.356509	6.260176	0.630033	1.042416	1.705548	0.042965	2.8	1.9	10.4
308	-0.180628	-0.180628	-0.352667	7.259701	0.607750	0.975112	2.144544	0.049558	2.8	1.6	9.8
309	-0.175442	-0.175442	-0.328338	6.497781	0.624589	0.630457	1.385629	0.025439	18.2	1.9	25.8
310	-0.184562	-0.184562	-0.351600	5.735862	0.642389	0.930325	1.207609	0.039711	3.0	1.8	10.5
311	-0.188180	-0.188180	-0.352641	6.726359	0.619440	0.717692	1.454609	0.043658	3.0	1.4	9.9
312	-0.195231	-0.195231	-0.359829	5.964440	0.636943	0.854151	1.129183	0.046374	5.6	8.0	22.5
313	-0.185430	-0.185430	-0.338910	6.958985	0.614286	0.712925	1.772433	0.031533	4.5	2.4	12.6
314	-0.176125	-0.176125	-0.335669	7.281351	0.607284	0.810427	1.767817	0.033546	3.8	1.9	12.9
315	-0.193475	-0.193475	-0.353544	8.280441	0.586563	1.338234	1.637972	0.058441	13.2	1.8	23.9
316	-0.193529	-0.193529	-0.341422	7.538089	0.601821	1.026665	1.464252	0.050172	3.1	1.7	10.2
317	-0.199216	-0.199216	-0.363939	6.848414	0.616725	1.105743	1.352066	0.042170	3.0	1.6	10.1
318	-0.192489	-0.192489	-0.382605	6.096906	0.633830	0.618946	1.551612	0.036449	3.2	12.8	21.2
319	-0.181996	-0.181996	-0.334472	7.096844	0.611272	0.779905	1.495807	0.036231	3.2	1.9	11.2
320	-0.168366	-0.168366	-0.321034	6.336717	0.628269	0.890191	0.911516	0.033495	12.8	1.5	24.1
321	-0.201779	-0.201779	-0.360997	5.579078	0.646178	0.764735	1.854690	0.030669	5.1	1.6	11.9
322	-0.172997	-0.172997	-0.342883	5.747761	0.642103	0.615641	1.558847	0.031303	5.3	1.7	11.9
323	-0.196926	-0.196926	-0.377693	5.121828	0.657489	1.174057	0.989466	0.050221	14.9	1.5	23.8
324	-0.196433	-0.196433	-0.375971	6.121828	0.633247	0.756036	1.311917	0.030540	3.6	1.6	10.4
325	-0.182571	-0.182571	-0.359102	7.058568	0.612106	0.779108	1.688228	0.028694	16.6	1.9	23.6
326	-0.176189	-0.176189	-0.348264	6.595041	0.622388	0.611534	0.896253	0.031973	3.8	1.7	12.1
327	-0.186853	-0.186853	-0.356515	7.308015	0.606712	0.761290	2.052660	0.035250	3.8	1.7	12.6
328	-0.196491	-0.196491	-0.391061	6.546868	0.623476	1.317191	1.631387	0.052804	3.8	3.9	17.8
329	-0.185821	-0.185821	-0.372694	7.546864	0.601636	1.335673	1.297157	0.066100	4.9	13.9	27.3
330	-0.197769	-0.197769	-0.365140	6.784944	0.618134	0.835887	0.808577	0.039505	2.9	1.5	9.4
331	-0.200115	-0.200115	-0.350808	6.023024	0.635563	0.733161	1.354020	0.035539	3.1	1.5	9.9
332	-0.182626	-0.182626	-0.349740	7.023024	0.612883	1.182586	1.537124	0.045810	2.8	3.7	16.8
333	-0.194276	-0.194276	-0.367021	8.023024	0.591766	1.073872	1.099879	0.044322	12.7	1.8	19.9
334	-0.192709	-0.192709	-0.343233	7.261104	0.607719	0.518725	1.357803	0.030061	2.7	1.4	11.1
335	-0.187827	-0.187827	-0.350266	6.555459	0.623282	1.013566	1.638557	0.052960	8.9	1.8	16.5
336	-0.187696	-0.187696	-0.374844	5.943733	0.637433	0.516839	1.283807	0.027458	2.9	1.6	9.9
337	-0.197254	-0.197254	-0.358096	5.181879	0.655981	0.642248	1.435310	0.033511	9.0	1.4	15.2
338	-0.185839	-0.185839	-0.343718	4.420503	0.675629	1.040200	1.211355	0.049737	2.7	1.3	11.3
339	-0.187632	-0.187632	-0.367158	3.658583	0.696505	1.051035	1.377696	0.049637	9.2	2.1	16.2
340	-0.203468	-0.203468	-0.382403	4.658583	0.669360	1.104486	1.261391	0.055304	4.9	1.8	11.9
341	-0.178635	-0.178635	-0.354071	5.658583	0.644251	0.662724	1.437849	0.030491	3.3	1.4	10.1
342	-0.189653	-0.189653	-0.371407	4.912391	0.662804	0.868525	1.160559	0.036161	6.9	1.5	13.8
343	-0.185241	-0.185241	-0.336215	5.912381	0.638176	0.656790	1.036745	0.028585	3.0	1.6	9.8
344	-0.176058	-0.176058	-0.336447	5.878342	0.638984	0.714713	1.556684	0.028906	2.9	1.7	9.7
345	-0.180841	-0.180841	-0.343503	5.120880	0.657513	1.239536	1.542314	0.053878	7.1	1.8	16.4
346	-0.193366	-0.193366	-0.360770	6.120880	0.633269	0.850969	0.976723	0.038591	3.3	1.7	11.9
347	-0.199288	-0.199288	-0.379982	5.358960	0.651574	0.743408	1.661721	0.047148	4.9	9.4	20.0
348	-0.192709	-0.192709	-0.357028	4.601684	0.670847	0.910025	1.254268	0.042351	10.7	1.6	17.7
349	-0.190275	-0.190275	-0.349077	3.839764	0.691425	0.587396	1.515394	0.032046	3.1	1.4	9.9
350	-0.199471	-0.199471	-0.365281	4.802131	0.665636	1.072999	1.877422	0.041585	6.0	3.5	14.7
351	-0.185216	-0.185216	-0.361179	4.063659	0.685248	1.142883	1.538304	0.055320	3.2	1.7	11.9
352	-0.189258	-0.189258	-0.358254	3.870500	0.690570	0.650732	1.276462	0.028364	5.6	1.4	13.1
353	-0.185167	-0.185167	-0.365495	3.110127	0.712349	0.518464	1.354659	0.032865	2.8	1.7	11.8
354	-0.191660	-0.191660	-0.357849	2.348362	0.735590	0.495723	1.631775	0.027972	2.6	1.4	9.4
355	-0.187550	-0.187550	-0.346568	1.586494	0.760402	0.999444	1.141809	0.045978	2.6	1.5	9.4
356	-0.203622	-0.203622	-0.376546	0.825631	0.786911	1.021123	0.867363	0.044008	2.8	1.8	11.9
357	-0.189107	-0.189107	-0.363439	1.230493	0.772580	0.848786	1.178845	0.037988	4.7	1.4	11.6
358	-0.172964	-0.172964	-0.327211	0.630922	0.793994	0.678890	1.222871	0.026690	2.9	1.6	9.5
359	-0.177976	-0.177976	-0.346759	0.000000	0.817849	1.017279	1.527284	0.047838	3.0	1.7	10.1
360	-0.197091	-0.197091	-0.360777	0.000000	0.817849	0.863710	0.984789	0.064153	2.8	1.5	15.4
361	-0.206415	-0.206415	-0.348719	0.000000	0.817849	0.770912	1.400930	0.032920	2.9	1.5	9.7
362	-0.185985	-0.185985	-0.347201	0.000000	0.817849	1.177923	2.034845	0.045006	2.9	8.5	18.0
363	-0.197807	-0.197807	-0.364535	0.275486	0.807259	0.759461	0.991822	0.036531	2.7	1.8	10.0
364	-0.204562	-0.204562	-0.387017	1.275486	0.771019	0.848201	1.397354	0.050976	8.1	2.0	15.5
365	-0.196465	-0.196465	-0.346608	0.513567	0.798325	0.852125	1.678446	0.035313	2.9	1.4	9.9
366	-0.188769	-0.188769	-0.346185	0.000000	0.817849	0.985780	1.420992	0.041273	2.7	1.4	9.2
367	-0.188913	-0.188913	-0.371128	0.999983	0.780674	0.977049	1.796718	0.043173	7.1	1.6	13.8
368	-0.194054	-0.194054	-0.363468	1.999850	0.746736	0.650082	1.661660	0.053944	2.6	1.6	9.2
369	-0.179117	-0.179117	-0.344435	1.237930	0.772321	0.744873	1.412457	0.040084	7.0	1.5	13.6
370	-0.185936	-0.185936	-0.346342	0.476010	0.799721	0.840850	1.622006	0.048372	2.7	1.7	9.3
371	-0.199527	-0.199527	-0.370875	1.451442	0.764976	0.974602	1.156665	0.039122	2.8	1.8	9.8
372	-0.196395	-0.196395	-0.356657	1.039979	0.779258	0.952384	1.348532	0.042361	4.0	1.6	15.1
373	-0.185218	-0.185218	-0.347791	1.751804	0.754877	1.155271	1.393654	0.045284	2.8	1.5	10.0
374	-0.211816	-0.211816	-0.349643	2.751804	0.723096	0.757401	0.942960	0.032684	2.9	1.8	9.0
375	-0.191719	-0.191719	-0.351368	2.019512	0.746099	0.594944	1.210312	0.028925	8.6	1.5	17.7
376	-0.203149	-0.203149	-0.364333	2.974660	0.716374	0.794992	1.772249	0.032375	2.9	1.6	7.8
377	-0.187492	-0.187492	-0.370673	3.943920	0.688538	0.805570	0.844696	0.034128	3.2	1.7	9.5
378	-0.187506	-0.187506	-0.339205	4.835854	0.664767	0.837857	1.489437	0.039712	8.5	1.6	15.5
379	-0.200455	-0.200455	-0.375827	5.835807	0.639997	0.782622	1.212975	0.041544	2.7	1.4	7.5
380	-0.196793	-0.196793	-0.366315	5.074327	0.658687	0.882368	1.253256	0.038521	2.4	1.5	8.2
381	-0.192182	-0.192182	-0.366347	4.312410	0.678514	0.756744	1.182578	0.034076	8.4	1.6	15.4
382	-0.206842	-0.206842	-0.368454	5.275973	0.653632	1.019865	1.291113	0.038122	3.3	1.7	10.5
383	-0.193830	-0.193830	-0.369157	4.514256	0.673146	0.646594	1.285262	0.033862	2.9	1.5	17.1
384	-0.183487	-0.183487	-0.352918	3.752583	0.693860	1.054240	1.144425	0.051589	3.1	1.7	11.8
385	-0.189684	-0.189684	-0.372775	2.991386	0.715875	0.518874	1.135889	0.030092	3.1	1.6	14.7
386	-0.190057	-0.190057	-0.345331	2.605951	0.727563	0.886688	1.540349	0.044546	7.9	1.3	16.2
387	-0.204011	-0.204011	-0.368445	3.605951	0.697995	0.875647	1.275527	0.038002	2.9	1.7	10.0
388	-0.188710	-0.188710	-0.352749	3.411479	0.703555	0.995773	1.535370	0.043991	2.9	6.8	16.6
389	-0.200470	-0.200470	-0.374916	2.649559	0.726222	1.106589	1.599745	0.043927	4.4	2.0	12.2
390	-0.184148	-0.184148	-0.358395	1.887639	0.750397	1.080647	1.467778	0.048349	2.4	1.5	8.6
391	-0.199424	-0.199424	-0.361175	2.887638	0.718984	1.293413	2.232879	0.056598	10.0	1.8	19.2
392	-0.180396	-0.180396	-0.351769	3.887638	0.690095	1.086193	1.407823	0.051230	3.5	1.7	12.2
393	-0.205242	-0.205242	-0.390513	4.887621	0.663438	0.647177	1.068976	0.030049	3.1	1.8	10.0
394	-0.182128	-0.182128	-0.359495	4.126332	0.683539	0.935700	1.818675	0.036375	15.3	2.0	23.1
395	-0.191456	-0.191456	-0.370340	5.106139	0.657884	0.863890	0.952254	0.032488	2.7	1.4	9.2
396	-0.188962	-0.188962	-0.346338	4.356010	0.677347	0.802015	1.697365	0.034583	2.7	7.4	15.2
397	-0.189041	-0.189041	-0.354658	5.312651	0.652721	0.854874	1.882478	0.037208	2.8	1.7	9.6
398	-0.198508	-0.198508	-0.358894	4.550757	0.672185	1.094358	1.708083	0.047280	7.7	1.9	14.6
399	-0.208963	-0.208963	-0.386718	5.466693	0.648922	1.327092	1.078665	0.049731	3.1	1.4	9.8
400	-0.195621	-0.195621	-0.358632	6.466691	0.625296	0.688067	1.244965	0.030535	2.8	1.4	7.5
401	-0.189539	-0.189539	-0.361822	7.466577	0.603333	0.860604	1.053397	0.036735	2.8	6.9	14.3
402	-0.200620	-0.200620	-0.369158	6.704658	0.619926	0.951587	0.960478	0.047315	3.0	1.6	12.1
403	-0.193698	-0.193698	-0.360863	7.704607	0.598330	1.278189	1.183589	0.056950	2.7	2.1	11.5
404	-0.185975	-0.185975	-0.368856	8.704568	0.578188	0.945219	1.537531	0.043461	2.9	5.6	18.5
405	-0.187788	-0.187788	-0.359503	9.675749	0.559883	0.703661	1.386168	0.031064	5.2	9.7	20.7
406	-0.197708	-0.197708	-0.357882	8.913831	0.574143	0.874321	1.261456	0.037744	2.6	1.5	9.3
407	-0.196515	-0.196515	-0.347787	9.913296	0.555580	0.813030	1.384810	0.042528	3.4	1.5	10.1
408	-0.197753	-0.197753	-0.356782	9.153449	0.569581	0.936858	1.449655	0.034241	2.9	2.0	10.1
409	-0.219312	-0.219312	-0.371221	10.153122	0.551303	0.988339	0.719469	0.036860	7.5	1.7	13.8
410	-0.188740	-0.188740	-0.363054	9.456399	0.563915	0.954693	1.902353	0.039176	2.9	1.5	7.9
411	-0.205483	-0.205483	-0.355168	8.694525	0.578384	0.978518	1.305400	0.042393	2.4	1.5	9.0
412	-0.208571	-0.208571	-0.354173	9.694522	0.559540	0.947867	1.486521	0.061575	7.8	2.1	15.4
413	-0.197346	-0.197346	-0.367600	10.693674	0.541901	1.264652	1.342080	0.053443	2.9	1.5	9.2
414	-0.194662	-0.194662	-0.366393	11.693674	0.525326	0.760606	1.022781	0.051980	2.7	1.5	7.8
415	-0.200986	-0.200986	-0.385905	12.164373	0.517870	1.114091	2.116252	0.043891	9.2	1.3	15.1
416	-0.200622	-0.200622	-0.369742	13.164363	0.502712	0.655253	1.090092	0.028918	2.8	1.6	9.2
417	-0.185518	-0.185518	-0.351242	14.158321	0.488500	0.718728	0.946278	0.042112	3.1	1.5	8.8
418	-0.200071	-0.200071	-0.334374	13.396572	0.499318	1.223837	1.457678	0.048988	8.1	2.0	14.7
419	-0.192953	-0.192953	-0.368179	12.634749	0.510627	0.671235	1.534259	0.043311	2.4	1.5	8.9
420	-0.184462	-0.184462	-0.353211	11.873219	0.522456	1.047489	0.878419	0.047344	2.4	1.5	8.8
421	-0.197524	-0.197524	-0.376478	12.873217	0.507033	0.858209	1.220122	0.037166	8.4	3.1	17.4
422	-0.203021	-0.203021	-0.376104	12.111302	0.518700	0.920457	1.224084	0.036599	3.0	1.9	10.2
423	-0.202164	-0.202164	-0.386212	13.111178	0.503495	1.038572	1.063971	0.046409	9.5	1.5	16.4
424	-0.209723	-0.209723	-0.374335	14.111178	0.489155	0.987136	1.498470	0.039251	2.6	1.4	9.6
425	-0.183422	-0.183422	-0.364722	13.349258	0.500006	1.177513	1.919294	0.047786	3.0	1.6	12.3
426	-0.192194	-0.192194	-0.372731	14.349249	0.485861	0.504273	1.353338	0.024092	15.9	1.4	22.6
427	-0.205136	-0.205136	-0.384603	15.316309	0.472923	0.638190	1.136236	0.034173	3.0	1.7	11.0
428	-0.207024	-0.207024	-0.377231	16.316097	0.460252	1.303311	1.315948	0.062177	2.7	1.8	14.8
429	-0.209304	-0.209304	-0.381626	17.310184	0.448310	1.220389	1.477557	0.051032	3.1	1.5	9.8
430	-0.217084	-0.217084	-0.372649	18.310184	0.436905	0.868556	1.780939	0.034519	3.6	1.5	11.0
431	-0.192273	-0.192273	-0.361552	19.310184	0.426067	0.837265	1.657669	0.035120	8.6	1.6	15.5
432	-0.203904	-0.203904	-0.352411	18.548486	0.434273	0.642384	1.351625	0.029362	3.7	1.9	9.4
433	-0.193652	-0.193652	-0.372906	17.789145	0.442774	0.993242	1.362506	0.050906	2.9	1.5	9.6
434	-0.202573	-0.202573	-0.370202	17.027225	0.451645	0.606188	1.983808	0.030335	20.2	1.7	27.1
435	-0.213186	-0.213186	-0.388261	18.027225	0.440073	0.828309	1.464185	0.038046	2.8	1.7	9.7
436	-0.204573	-0.204573	-0.388904	18.980496	0.429580	0.849819	1.270836	0.032622	3.1	1.9	10.3
437	-0.202983	-0.202983	-0.366104	18.218601	0.437925	0.924999	1.635906	0.043700	7.1	1.6	14.2
438	-0.201781	-0.201781	-0.376712	17.456697	0.446602	1.338020	1.790261	0.055277	2.7	1.4	9.5
439	-0.194179	-0.194179	-0.370339	18.456697	0.435283	0.940380	1.205769	0.036718	7.3	2.0	14.4
440	-0.209595	-0.209595	-0.396172	18.941059	0.430004	0.601657	1.232634	0.038796	3.1	1.7	12.7
441	-0.197348	-0.197348	-0.369485	19.939004	0.419522	1.471797	1.918436	0.061621	3.0	1.9	14.3
442	-0.200517	-0.200517	-0.381260	20.884524	0.410052	1.030166	1.055852	0.046732	2.7	1.7	9.8
443	-0.202757	-0.202757	-0.366649	20.135880	0.417514	0.926752	1.417529	0.039344	8.7	1.8	15.4
444	-0.197595	-0.197595	-0.375538	21.135771	0.407607	0.828258	1.101610	0.039158	3.3	1.8	12.3
445	-0.189287	-0.189287	-0.365217	20.373858	0.415113	0.921776	1.634084	0.039335	6.6	1.5	13.7
446	-0.194820	-0.194820	-0.343528	21.370235	0.405351	1.340560	1.572402	0.058121	2.6	1.9	9.7
447	-0.210026	-0.210026	-0.377032	22.370235	0.396005	1.124908	1.143140	0.054994	3.0	1.7	9.0
448	-0.215284	-0.215284	-0.387197	23.370235	0.387080	0.671240	1.345265	0.031898	7.6	1.5	14.3
449	-0.189174	-0.189174	-0.382975	24.370235	0.378548	1.339391	1.263125	0.062991	3.1	1.4	9.7
450	-0.205741	-0.205741	-0.361918	23.608439	0.385013	0.837098	1.494795	0.043927	2.5	1.7	9.2
451	-0.198861	-0.198861	-0.381567	22.846557	0.391703	0.802341	1.859291	0.040764	8.5	1.4	15.5
452	-0.203708	-0.203708	-0.392235	23.846056	0.382973	0.911362	1.448195	0.037651	3.0	1.6	9.9
453	-0.207725	-0.207725	-0.362585	24.846049	0.374620	0.861261	1.482346	0.038208	5.1	1.8	16.3
454	-0.202397	-0.202397	-0.372815	25.846039	0.366623	1.136487	1.612879	0.050432	3.0	1.5	9.8
455	-0.179790	-0.179790	-0.351541	26.846039	0.358960	0.304192	1.339724	0.020600	3.2	1.4	9.5
456	-0.205293	-0.205293	-0.383270	26.093077	0.364700	1.225499	1.090214	0.058129	3.2	8.0	16.3
457	-0.202259	-0.202259	-0.372028	25.331182	0.370697	0.853468	1.142036	0.032984	2.8	1.6	11.4
458	-0.196214	-0.196214	-0.356896	26.331182	0.362865	0.698130	1.268098	0.026118	2.5	1.6	11.1
459	-0.204176	-0.204176	-0.358177	26.387681	0.362432	1.313461	1.268121	0.057717	7.3	1.7	14.1
460	-0.201502	-0.201502	-0.382043	27.380430	0.354995	1.121829	1.156299	0.044685	2.9	1.5	10.7
461	-0.204018	-0.204018	-0.371654	28.380430	0.347806	0.486496	1.323423	0.026989	6.7	1.4	13.5
462	-0.204085	-0.204085	-0.378365	27.842356	0.351638	0.741063	0.943431	0.028200	2.8	1.5	9.5
463	-0.197246	-0.197246	-0.360011	27.082484	0.357195	1.062194	1.136982	0.046603	3.5	9.5	18.6
464	-0.197686	-0.197686	-0.349307	27.650779	0.353023	0.710834	1.246388	0.033241	4.2	1.6	13.1
465	-0.199589	-0.199589	-0.355481	26.933044	0.358309	0.817725	1.343277	0.040176	3.0	13.8	21.7
466	-0.197563	-0.197563	-0.358331	27.932646	0.350989	1.332210	1.763849	0.067903	2.9	1.5	12.0
467	-0.198932	-0.198932	-0.368829	28.932646	0.343960	1.012139	1.113844	0.050142	4.0	2.0	12.1
468	-0.207464	-0.207464	-0.375434	28.170726	0.349290	0.932744	0.878600	0.040894	10.3	1.9	17.4
469	-0.195938	-0.195938	-0.381317	27.408806	0.354787	1.184302	0.945935	0.062707	3.3	1.9	11.0
470	-0.202511	-0.202511	-0.352446	26.646886	0.360461	1.272817	1.160504	0.063721	17.0	1.8	24.1
471	-0.199783	-0.199783	-0.371828	27.646886	0.353051	0.909954	0.992669	0.039750	2.7	1.4	9.7
472	-0.222422	-0.222422	-0.389744	28.341693	0.348079	0.757195	1.096334	0.034398	9.0	1.6	15.9
473	-0.187072	-0.187072	-0.343643	27.579773	0.353539	0.713315	1.413984	0.033961	4.0	1.7	11.2
474	-0.195835	-0.195835	-0.380689	28.577938	0.346421	0.939056	0.867962	0.038642	7.9	2.0	15.7
475	-0.193382	-0.193382	-0.370684	27.816019	0.351828	1.292273	1.410280	0.059501	3.8	2.0	11.2
476	-0.203447	-0.203447	-0.379887	27.054099	0.357406	0.634253	1.255265	0.040737	3.3	8.3	18.7
477	-0.187658	-0.187658	-0.358226	26.292179	0.363164	0.666514	1.291834	0.027756	3.1	1.4	9.5
478	-0.197437	-0.197437	-0.381049	27.292177	0.355644	1.308223	1.470867	0.051986	9.9	1.7	17.1
479	-0.193197	-0.193197	-0.359567	26.530355	0.361344	1.209341	1.692668	0.050204	3.2	1.8	9.9
480	-0.198164	-0.198164	-0.373509	25.768435	0.367231	0.563510	1.303204	0.024781	3.0	1.8	11.3
481	-0.186349	-0.186349	-0.357824	26.717664	0.359926	0.876866	1.304788	0.040787	11.8	1.9	18.7
482	-0.198804	-0.198804	-0.388452	27.699638	0.352668	0.440549	1.423930	0.030796	8.8	1.7	16.4
483	-0.205278	-0.205278	-0.390649	28.699419	0.345574	0.913672	1.510993	0.049481	2.9	1.7	9.7
484	-0.199348	-0.199348	-0.379869	27.939898	0.350937	0.880412	1.087311	0.042816	2.7	1.8	17.7
485	-0.195584	-0.195584	-0.360201	28.939898	0.343910	1.009013	1.616206	0.050942	3.7	1.8	11.2
486	-0.208576	-0.208576	-0.385570	28.177978	0.349238	1.230338	1.326996	0.059628	3.0	1.7	13.0
487	-0.209860	-0.209860	-0.386933	29.177978	0.342278	1.015658	0.963910	0.051048	6.0	1.5	13.5
488	-0.179657	-0.179657	-0.353852	28.416093	0.347555	0.871563	1.423844	0.043212	3.0	2.7	11.0
489	-0.188698	-0.188698	-0.361037	27.654173	0.352998	0.659453	1.949720	0.028335	2.9	7.2	21.4
490	-0.188495	-0.188495	-0.361704	26.892404	0.358613	0.605269	1.654872	0.032952	3.2	2.2	10.7
491	-0.199768	-0.199768	-0.345414	26.179179	0.364034	0.785356	1.337741	0.034677	2.5	1.7	8.3
492	-0.193956	-0.193956	-0.351190	25.417260	0.370009	0.651754	1.153118	0.030415	2.7	1.7	8.2
493	-0.192012	-0.192012	-0.360262	24.656793	0.376172	0.790094	1.315352	0.040783	2.6	1.9	9.2
494	-0.204025	-0.204025	-0.382000	24.050093	0.381238	1.274220	1.022891	0.056689	7.1	1.9	15.0
495	-0.199921	-0.199921	-0.395303	25.050077	0.372960	1.156978	1.278588	0.055534	3.0	1.5	8.7
496	-0.198898	-0.198898	-0.368480	24.288157	0.379234	0.731008	1.323368	0.031904	2.9	7.7	16.2
497	-0.208983	-0.208983	-0.382549	23.527627	0.385712	0.967879	1.182366	0.045439	3.1	1.5	12.0
498	-0.192712	-0.192712	-0.371771	24.527118	0.377244	0.457263	1.054715	0.029160	6.9	1.8	13.8
499	-0.202843	-0.202843	-0.371336	25.527118	0.369136	1.080660	1.667829	0.048651	3.0	1.7	9.8
500	-0.209223	-0.209223	-0.396330	24.765207	0.375281	0.565017	1.159484	0.022967	2.9	1.8	11.9
501	-0.202508	-0.202508	-0.372475	24.025249	0.381449	1.102074	1.533739	0.050087	6.0	1.6	13.5
502	-0.189775	-0.189775	-0.356428	25.025232	0.373161	0.994649	1.888574	0.043545	2.8	1.5	9.4
503	-0.200699	-0.200699	-0.359785	26.024723	0.365230	0.925644	1.196477	0.060030	2.8	10.9	18.5
504	-0.198699	-0.198699	-0.379604	27.024723	0.357625	0.762649	1.398061	0.037321	10.7	1.8	17.9
505	-0.212916	-0.212916	-0.375168	28.024626	0.350331	0.899870	0.729181	0.035286	2.7	1.6	8.4
506	-0.195614	-0.195614	-0.361506	27.359785	0.355147	0.555716	1.515335	0.030473	2.8	1.5	12.9
507	-0.196529	-0.196529	-0.364008	26.663735	0.360333	1.031486	1.363023	0.046847	3.2	1.8	10.1
508	-0.210256	-0.210256	-0.403435	26.210275	0.363794	0.607788	1.245342	0.030816	3.4	1.6	8.6
509	-0.198536	-0.198536	-0.376712	27.208699	0.356260	0.957505	1.161355	0.044321	2.9	2.0	10.0
510	-0.205492	-0.205492	-0.384606	28.071855	0.349993	0.805526	1.397181	0.046977	8.7	1.4	15.1
511	-0.197314	-0.197314	-0.381437	29.055695	0.343114	0.920273	1.114373	0.041389	2.9	1.6	8.0
512	-0.193197	-0.193197	-0.354708	28.293775	0.348418	0.679432	1.353962	0.028010	2.6	1.6	8.9
513	-0.200432	-0.200432	-0.358853	27.531860	0.353888	0.570942	1.669284	0.030656	8.4	1.8	14.3
514	-0.203044	-0.203044	-0.387542	27.202383	0.356307	0.247006	1.502551	0.027063	2.7	2.1	10.1
515	-0.205965	-0.205965	-0.395113	28.201951	0.349068	0.753704	1.497565	0.048738	7.7	1.9	14.8
516	-0.201399	-0.201399	-0.351175	29.201951	0.342115	1.008602	1.359973	0.043274	2.6	1.4	11.0
517	-0.210518	-0.210518	-0.388489	28.440031	0.347387	0.415602	0.789714	0.022106	2.6	1.5	7.6
518	-0.202850	-0.202850	-0.365202	27.891516	0.351284	1.185059	0.840212	0.057729	7.8	1.6	14.4
519	-0.202019	-0.202019	-0.374379	28.891190	0.344246	0.989444	1.660301	0.050660	2.7	1.7	9.5
520	-0.190444	-0.190444	-0.363812	29.689919	0.338821	1.228649	1.084490	0.055846	2.9	1.6	9.6
521	-0.200959	-0.200959	-0.361804	28.927999	0.343992	0.950883	1.125503	0.042993	2.6	7.7	15.7
522	-0.193155	-0.193155	-0.367400	29.927993	0.337237	0.703257	1.026633	0.040604	5.7	4.0	17.3
523	-0.198511	-0.198511	-0.358891	29.166079	0.342359	0.803993	1.387195	0.038922	2.7	1.5	10.1
524	-0.205607	-0.205607	-0.388917	28.404201	0.347639	1.001114	1.411021	0.043795	2.9	1.7	9.6
525	-0.201557	-0.201557	-0.381332	29.400856	0.340765	0.875041	0.904252	0.045376	8.5	1.6	17.3
526	-0.198254	-0.198254	-0.359145	30.388363	0.334216	0.733778	1.420488	0.040308	3.3	2.1	9.9
527	-0.191989	-0.191989	-0.357419	31.388357	0.327837	0.905340	1.221374	0.044529	7.7	1.6	16.7
528	-0.190886	-0.190886	-0.347154	30.626822	0.332673	0.953306	1.254344	0.046308	3.6	2.2	10.8
529	-0.191321	-0.191321	-0.376072	29.865289	0.337653	0.313179	1.623729	0.023360	3.0	2.0	10.4
530	-0.200833	-0.200833	-0.360264	29.250342	0.341785	1.278308	1.888366	0.060208	15.1	1.6	22.3
531	-0.207699	-0.207699	-0.376936	28.889494	0.344257	1.074825	1.296914	0.040854	2.9	1.6	9.5
532	-0.209746	-0.209746	-0.380506	28.127574	0.349596	0.774757	0.887582	0.037283	8.8	1.6	15.4
533	-0.187130	-0.187130	-0.369626	27.366242	0.355099	0.858560	1.440490	0.036063	2.8	1.6	9.3
534	-0.196844	-0.196844	-0.371369	26.604322	0.360783	0.914929	1.363217	0.041668	9.3	1.6	16.1
535	-0.197951	-0.197951	-0.381128	26.254668	0.363452	0.864632	1.617447	0.035699	2.7	1.7	9.4
536	-0.199242	-0.199242	-0.378060	27.254668	0.355920	1.264567	1.268072	0.054377	7.9	8.2	21.0
537	-0.202396	-0.202396	-0.393665	26.492884	0.361629	0.879357	0.760102	0.035580	4.1	2.1	11.7
538	-0.198545	-0.198545	-0.387323	25.730964	0.367526	0.800183	1.803063	0.035071	3.2	5.7	19.4
539	-0.211560	-0.211560	-0.367108	24.970031	0.373609	1.108093	1.242194	0.052624	3.3	1.8	10.4
540	-0.192379	-0.192379	-0.367068	25.970031	0.365655	0.765940	1.367616	0.037124	2.6	4.5	14.5
541	-0.199990	-0.199990	-0.381629	26.969932	0.358033	1.302187	1.391092	0.058873	2.9	1.9	9.9
542	-0.217482	-0.217482	-0.373892	26.289998	0.363181	0.884758	0.730903	0.044706	3.3	1.7	8.4
543	-0.186207	-0.186207	-0.360998	27.177853	0.356488	0.982094	1.608244	0.040511	3.2	8.1	16.7
544	-0.198168	-0.198168	-0.357623	26.432150	0.362092	0.687706	1.038340	0.045530	2.9	1.7	10.1
545	-0.197129	-0.197129	-0.371030	27.431946	0.354618	0.710014	1.226952	0.038418	2.5	1.4	9.2
546	-0.215502	-0.215502	-0.385831	28.431433	0.347447	1.078193	1.302761	0.045663	9.4	1.4	17.4
547	-0.195901	-0.195901	-0.371791	29.423111	0.340614	1.104641	1.813307	0.047733	4.1	1.7	10.9
548	-0.198711	-0.198711	-0.362127	28.661191	0.345840	1.035531	1.449196	0.049980	8.0	1.6	14.8
549	-0.200773	-0.200773	-0.359415	29.661191	0.339013	0.544266	1.376353	0.033026	3.3	1.5	9.0
550	-0.197334	-0.197334	-0.380222	28.899271	0.344190	0.798206	1.158571	0.033830	2.8	8.2	16.3
551	-0.195254	-0.195254	-0.354390	28.142182	0.349493	0.800193	1.184765	0.041924	3.0	1.5	9.9
552	-0.197447	-0.197447	-0.363616	27.380262	0.354997	1.259628	1.620970	0.051137	8.0	1.7	15.3
553	-0.199428	-0.199428	-0.373399	26.622572	0.360645	0.683036	1.627137	0.030759	3.0	1.6	9.7
554	-0.198102	-0.198102	-0.373936	27.622538	0.353228	0.457572	1.679157	0.021934	8.0	1.6	16.6
555	-0.203985	-0.203985	-0.386851	27.019478	0.357664	0.896281	1.446386	0.043780	2.5	1.4	9.2
556	-0.196042	-0.196042	-0.376097	26.257560	0.363430	0.528591	1.692032	0.029191	2.4	1.6	7.9
557	-0.194739	-0.194739	-0.364924	27.257338	0.355901	0.862828	1.263039	0.037461	7.6	1.3	14.0
558	-0.199999	-0.199999	-0.362297	28.253569	0.348702	0.686179	1.029882	0.043559	2.5	1.5	10.1
559	-0.198057	-0.198057	-0.366146	29.243733	0.341830	0.802987	1.372022	0.040515	3.0	1.5	9.9
560	-0.212395	-0.212395	-0.369009	30.243733	0.335160	0.645700	0.940820	0.038514	7.6	5.8	18.4
561	-0.209346	-0.209346	-0.379917	30.300959	0.334786	1.204452	0.939521	0.059001	10.1	1.6	19.0
562	-0.192113	-0.192113	-0.375830	29.539042	0.339833	0.808956	0.972819	0.038424	3.5	2.3	9.0
563	-0.203057	-0.203057	-0.367143	30.539042	0.333239	1.067288	1.265367	0.059770	2.9	2.2	10.1
564	-0.183519	-0.183519	-0.354664	29.777142	0.338239	0.847845	1.414348	0.040394	8.8	1.7	16.0
565	-0.200375	-0.200375	-0.371082	29.015311	0.343391	0.572722	1.355991	0.032762	2.7	2.3	9.2
566	-0.192173	-0.192173	-0.366971	30.000724	0.336756	0.751906	1.817041	0.032956	6.4	1.6	13.2
567	-0.207010	-0.207010	-0.390767	29.240939	0.341849	1.265102	1.222529	0.052343	3.2	4.6	13.1
568	-0.203685	-0.203685	-0.384617	28.479019	0.347113	0.640734	1.807446	0.029601	6.5	3.5	15.0
569	-0.200806	-0.200806	-0.363841	27.717105	0.352542	0.930025	1.400177	0.040345	2.5	1.6	9.7
570	-0.193283	-0.193283	-0.367035	26.958730	0.358117	1.119161	0.958920	0.046587	2.6	1.5	9.2
571	-0.198197	-0.198197	-0.368519	27.955920	0.350822	0.465912	0.651384	0.028676	3.2	1.5	9.9
572	-0.215118	-0.215118	-0.399478	27.195264	0.356359	1.413336	1.604690	0.061937	3.2	6.9	15.1
573	-0.193300	-0.193300	-0.354231	28.195264	0.349115	0.956232	1.431828	0.056140	3.3	1.6	10.1
574	-0.202010	-0.202010	-0.366881	27.433352	0.354607	0.979341	1.250832	0.044575	2.9	1.5	9.7
575	-0.197707	-0.197707	-0.372770	28.432689	0.347439	1.088913	1.038791	0.048550	8.4	1.7	15.1
576	-0.203082	-0.203082	-0.375624	27.672370	0.352866	0.939197	1.217841	0.039437	2.6	1.5	9.3
577	-0.203163	-0.203163	-0.374688	26.910452	0.358478	0.466267	1.330564	0.024733	7.6	1.6	14.5
578	-0.193849	-0.193849	-0.356449	26.163854	0.364152	1.147439	1.845295	0.050194	2.8	1.6	9.4
579	-0.209880	-0.209880	-0.371572	27.066658	0.357313	0.873360	1.267731	0.040205	7.2	2.5	15.1
580	-0.199105	-0.199105	-0.376960	27.075935	0.357244	0.922222	1.372030	0.041706	2.8	1.7	8.3
581	-0.207902	-0.207902	-0.392639	28.075662	0.349966	1.312391	2.007586	0.077256	4.2	1.7	11.8
582	-0.210803	-0.210803	-0.395534	29.075180	0.342981	0.653177	0.975268	0.028573	7.5	1.7	15.2
583	-0.198996	-0.198996	-0.387083	30.075180	0.336266	0.587355	1.095727	0.031082	3.0	1.6	9.9
584	-0.190556	-0.190556	-0.351109	29.972987	0.336940	1.043254	0.966994	0.045948	3.0	8.9	19.0
585	-0.200623	-0.200623	-0.371373	29.551776	0.339747	0.972871	1.368367	0.048159	3.8	1.7	11.2
586	-0.209874	-0.209874	-0.375988	28.790091	0.344945	0.855539	1.380556	0.045226	7.6	1.5	14.7
587	-0.186573	-0.186573	-0.363397	28.160198	0.349364	0.887227	1.674774	0.040454	2.8	1.5	10.0
588	-0.204803	-0.204803	-0.379967	29.160182	0.342400	0.881482	1.329063	0.059099	3.0	7.1	15.7
589	-0.207896	-0.207896	-0.386600	30.160181	0.335707	0.916660	1.311943	0.037727	3.3	1.4	10.0
590	-0.202179	-0.202179	-0.377422	31.160181	0.329271	1.085001	1.293903	0.045560	2.9	1.4	7.8
591	-0.207206	-0.207206	-0.373755	32.160175	0.323077	1.122275	1.215944	0.050965	2.6	1.5	7.6
592	-0.211446	-0.211446	-0.377946	31.398255	0.327775	0.826479	1.280783	0.033324	7.3	1.8	14.4
593	-0.200566	-0.200566	-0.367485	32.397515	0.321641	0.972293	1.163465	0.039753	2.7	1.5	9.4
594	-0.208830	-0.208830	-0.371785	31.635597	0.326297	0.736003	1.427370	0.040791	3.1	1.5	9.4
595	-0.194466	-0.194466	-0.385810	32.635596	0.320213	1.315733	1.621389	0.057569	7.5	1.6	14.1
596	-0.192500	-0.192500	-0.373063	32.893765	0.318679	0.603414	1.148648	0.033296	2.7	1.5	9.2
597	-0.197527	-0.197527	-0.396043	32.131859	0.323249	0.435256	1.410357	0.021807	7.3	1.6	15.2
598	-0.192757	-0.192757	-0.380721	33.115526	0.317373	1.275275	0.835183	0.047643	3.4	1.8	9.8
599	-0.196457	-0.196457	-0.364806	32.355110	0.321897	0.917922	1.305997	0.040940	3.1	7.6	17.8
600	-0.205218	-0.205218	-0.366418	33.355108	0.315974	0.935185	1.618371	0.035998	3.1	1.6	9.5
601	-0.219539	-0.219539	-0.402959	34.355083	0.310266	1.049365	1.295699	0.047410	8.8	1.8	15.9
602	-0.206252	-0.206252	-0.370338	34.364930	0.310211	0.646013	1.513171	0.031760	2.6	1.7	9.5
603	-0.199123	-0.199123	-0.358889	33.605774	0.314524	1.232252	1.470459	0.048118	3.2	1.8	9.0
604	-0.195533	-0.195533	-0.378950	32.852914	0.318921	0.733167	1.997877	0.029704	8.6	1.6	15.9
605	-0.180537	-0.180537	-0.342529	33.254230	0.316562	1.113705	1.133557	0.046813	2.7	1.7	7.8
606	-0.210696	-0.210696	-0.387531	34.253908	0.310835	1.000696	1.109427	0.049453	2.6	1.6	7.3
607	-0.206071	-0.206071	-0.371233	35.253908	0.305309	1.340904	1.013346	0.056756	2.7	1.9	14.2
608	-0.210116	-0.210116	-0.392603	34.491988	0.309501	1.106714	1.123783	0.054208	3.0	1.7	11.7
609	-0.200059	-0.200059	-0.363293	35.491988	0.304022	1.060076	1.149249	0.051075	3.3	1.7	10.0
610	-0.198582	-0.198582	-0.382935	36.491988	0.298734	0.839588	1.208223	0.036675	6.9	2.2	14.2
611	-0.196680	-0.196680	-0.392302	35.730068	0.302746	0.367108	1.155956	0.026033	2.8	1.6	11.1
612	-0.195898	-0.195898	-0.370496	34.973834	0.306837	0.933008	1.063891	0.049486	8.3	3.6	17.0
613	-0.194325	-0.194325	-0.359833	34.211919	0.311071	1.395663	1.288874	0.062259	3.1	1.9	11.9
614	-0.194660	-0.194660	-0.383696	35.211919	0.305537	0.771108	1.527740	0.037314	3.6	8.0	16.9
615	-0.201322	-0.201322	-0.371162	36.111182	0.300726	0.852476	1.162597	0.035814	5.8	1.9	12.0
616	-0.203808	-0.203808	-0.396933	35.349262	0.304792	1.044772	1.867801	0.043559	2.7	1.5	9.5
617	-0.216397	-0.216397	-0.392841	36.349262	0.299478	0.889975	1.018396	0.048251	15.1	1.7	22.1
618	-0.208063	-0.208063	-0.379732	37.348939	0.294347	0.734105	1.403777	0.034228	2.5	1.4	9.1
619	-0.213844	-0.213844	-0.392576	38.348929	0.289387	0.643738	0.960476	0.034151	3.0	1.6	10.0
620	-0.202884	-0.202884	-0.366652	39.348921	0.284592	0.834525	1.231896	0.038759	8.5	1.6	15.2
621	-0.205814	-0.205814	-0.372792	38.889778	0.286774	0.778326	1.325348	0.031609	2.9	1.6	12.0
622	-0.195175	-0.195175	-0.371550	38.128193	0.290468	0.840052	1.177902	0.037286	2.7	1.6	9.3
623	-0.197293	-0.197293	-0.376250	38.859510	0.286919	0.945086	1.289262	0.045258	10.9	10.7	27.0
624	-0.210553	-0.210553	-0.413716	38.097592	0.290618	0.913334	1.213890	0.040097	2.7	1.9	9.8
625	-0.184449	-0.184449	-0.366673	39.096624	0.285787	0.620032	1.713831	0.030043	11.1	1.6	18.3
626	-0.204518	-0.204518	-0.375179	38.369954	0.289285	0.777748	1.168816	0.039377	3.2	1.5	11.9
627	-0.196684	-0.196684	-0.354717	37.610599	0.293033	0.565747	1.230480	0.023793	3.1	8.6	19.6
628	-0.213436	-0.213436	-0.392186	37.718364	0.292495	0.509921	1.084569	0.024111	5.5	1.4	12.5
629	-0.202848	-0.202848	-0.383043	37.236908	0.294913	0.642461	1.680321	0.031181	2.7	2.1	10.2
630	-0.210884	-0.210884	-0.381037	38.139946	0.290410	1.029735	1.010444	0.051176	2.7	1.8	9.6
631	-0.211379	-0.211379	-0.384247	39.139946	0.285581	0.906523	1.018192	0.038847	2.8	1.5	15.2
632	-0.211864	-0.211864	-0.382368	40.139946	0.280910	1.018326	0.888938	0.040551	2.9	1.7	10.5
633	-0.205505	-0.205505	-0.376774	39.415306	0.284279	1.023343	1.593845	0.040713	2.9	1.7	11.9
634	-0.209965	-0.209965	-0.397716	38.673027	0.287816	0.609659	1.593386	0.047726	5.2	1.6	12.4
635	-0.201706	-0.201706	-0.376775	39.673027	0.283072	1.043085	1.404400	0.045960	2.6	1.7	9.9
636	-0.218046	-0.218046	-0.384154	40.672988	0.278482	0.587636	0.784579	0.037948	2.9	1.7	10.1
637	-0.218536	-0.218536	-0.383156	41.671972	0.274043	0.852295	0.809070	0.035727	2.9	1.7	10.1
638	-0.193881	-0.193881	-0.369799	40.910052	0.277416	0.459547	1.369088	0.029459	2.7	1.6	9.6
639	-0.215540	-0.215540	-0.394230	41.882018	0.273128	0.899985	1.508453	0.035764	11.8	1.9	19.3
640	-0.214361	-0.214361	-0.389962	41.216834	0.276048	1.046037	1.810591	0.045161	10.3	1.8	17.9
641	-0.204342	-0.204342	-0.377686	41.064219	0.276727	0.966647	1.640675	0.048370	2.8	1.6	9.6
642	-0.188159	-0.188159	-0.360174	41.836118	0.273327	0.708636	1.331191	0.035415	2.7	2.1	8.5
643	-0.208924	-0.208924	-0.381470	41.074223	0.276682	0.724030	0.992823	0.031083	6.7	3.2	15.4
644	-0.205221	-0.205221	-0.389157	42.074220	0.272295	1.002840	1.247126	0.047219	3.2	1.8	12.2
645	-0.200052	-0.200052	-0.380055	41.312300	0.275625	0.802329	1.246554	0.034599	3.5	1.6	10.6
646	-0.211583	-0.211583	-0.394027	41.238390	0.275952	0.759115	1.125632	0.035899	7.5	1.8	14.8
647	-0.217369	-0.217369	-0.411040	42.237686	0.271592	0.985604	1.270248	0.037853	2.9	1.6	10.8
648	-0.195625	-0.195625	-0.365928	41.475781	0.274904	1.045960	1.110228	0.048344	8.9	1.6	15.9
649	-0.219746	-0.219746	-0.378988	40.713919	0.278297	0.910913	0.856093	0.045022	2.5	1.6	9.2
650	-0.190283	-0.190283	-0.371397	41.713917	0.273860	0.693382	1.414993	0.036038	6.9	1.3	15.5
651	-0.203509	-0.203509	-0.369680	42.713917	0.269562	0.793551	1.490706	0.033290	2.7	1.6	9.4
652	-0.188337	-0.188337	-0.358621	41.958915	0.272794	1.230982	1.077084	0.059043	8.4	1.5	14.8
653	-0.204886	-0.204886	-0.388581	42.957041	0.268537	1.004190	1.434707	0.044017	2.5	1.6	9.8
654	-0.193839	-0.193839	-0.357432	43.957041	0.264403	0.651160	1.243326	0.032402	3.2	1.9	14.0
655	-0.203950	-0.203950	-0.374440	43.287149	0.267158	0.305953	1.208450	0.021270	3.3	1.7	10.1
656	-0.203423	-0.203423	-0.375104	44.243864	0.263240	0.660082	1.659012	0.031373	3.0	2.0	10.0
657	-0.203049	-0.203049	-0.387136	43.540814	0.266108	1.003272	1.452212	0.044431	2.7	8.0	15.7
658	-0.214693	-0.214693	-0.396932	44.540814	0.262048	0.462330	1.004726	0.025324	3.6	2.2	10.9
659	-0.201433	-0.201433	-0.369206	45.196201	0.259453	1.171363	0.956007	0.054853	2.7	1.7	9.3
660	-0.200267	-0.200267	-0.374514	44.442789	0.262440	0.793007	1.741544	0.033986	2.9	11.4	19.0
661	-0.205962	-0.205962	-0.388595	45.415458	0.258597	0.693222	1.774032	0.032119	11.4	2.0	18.8
662	-0.198668	-0.198668	-0.401024	46.249449	0.255390	0.682149	1.201894	0.036432	2.7	1.6	8.3
663	-0.195669	-0.195669	-0.363950	47.107874	0.252171	0.648947	1.541166	0.029793	3.0	1.4	8.8
664	-0.202327	-0.202327	-0.360073	47.693651	0.250021	0.987196	0.890816	0.039456	2.5	1.8	11.2
665	-0.215524	-0.215524	-0.400459	48.665054	0.246534	1.292186	1.489548	0.051336	8.6	1.6	15.6
666	-0.191232	-0.191232	-0.344949	49.572699	0.243364	0.737300	1.191920	0.042373	3.5	2.1	11.0
667	-0.202550	-0.202550	-0.378343	48.810786	0.246020	0.992729	1.091044	0.051456	3.5	1.7	11.4
668	-0.207635	-0.207635	-0.381977	49.810785	0.242545	0.728334	1.607454	0.035039	13.9	1.7	21.3
669	-0.209453	-0.209453	-0.390204	49.100560	0.245003	0.762587	1.112423	0.034268	2.5	1.4	8.9
670	-0.192739	-0.192739	-0.356768	48.351127	0.247650	0.599671	2.010627	0.042324	2.5	1.8	14.3
671	-0.211147	-0.211147	-0.384728	49.351126	0.244130	0.961269	1.420343	0.043427	3.1	1.7	9.8
672	-0.201511	-0.201511	-0.385187	50.350985	0.240709	1.587824	1.880196	0.061046	2.9	1.6	9.1
673	-0.216541	-0.216541	-0.386282	49.589065	0.243307	1.336293	1.168094	0.051684	9.4	1.9	15.9
674	-0.207485	-0.207485	-0.388617	50.589065	0.239908	0.918998	1.383248	0.038043	2.9	1.4	9.6
675	-0.186027	-0.186027	-0.346947	51.422689	0.237147	0.821618	1.591470	0.045157	7.8	1.6	14.2
676	-0.212436	-0.212436	-0.391837	52.179670	0.234694	1.172390	0.939048	0.051085	2.8	1.7	9.8
677	-0.206045	-0.206045	-0.359338	51.491218	0.236923	0.633777	1.227779	0.030956	2.8	1.9	9.8
678	-0.196785	-0.196785	-0.365245	50.774827	0.239288	1.290100	1.413318	0.050097	8.5	5.3	19.3
679	-0.197206	-0.197206	-0.358765	51.020639	0.238471	1.010422	1.476441	0.041706	2.9	1.4	9.6
680	-0.211084	-0.211084	-0.385672	50.286493	0.240927	0.657033	1.467085	0.027734	7.9	2.0	14.9
681	-0.207494	-0.207494	-0.372328	49.532621	0.243502	1.045714	1.286512	0.042918	3.1	1.8	8.9
682	-0.197412	-0.197412	-0.377857	48.772992	0.246153	0.725301	1.085551	0.032083	8.2	1.9	15.0
683	-0.210084	-0.210084	-0.356319	48.061198	0.248690	0.788636	2.014815	0.040815	3.0	1.4	8.5
684	-0.204677	-0.204677	-0.387035	47.304538	0.251445	0.991364	1.395451	0.039245	2.4	1.7	7.3
685	-0.213196	-0.213196	-0.404906	46.550497	0.254252	0.731944	1.110045	0.040159	3.1	7.3	17.1
686	-0.199507	-0.199507	-0.367098	47.484906	0.250783	1.188532	1.835637	0.052113	3.7	1.5	10.8
687	-0.199713	-0.199713	-0.373850	46.722991	0.253604	1.018591	1.529807	0.047188	7.8	1.6	15.0
688	-0.195819	-0.195819	-0.373285	45.961071	0.256490	0.562043	1.189579	0.035087	2.4	1.5	9.2
689	-0.202129	-0.202129	-0.403516	45.795753	0.257124	0.727241	0.991324	0.037907	5.4	7.9	18.5
690	-0.212129	-0.212129	-0.387892	45.035312	0.260085	0.738640	1.082426	0.047853	3.4	1.9	10.5
691	-0.211240	-0.211240	-0.359977	44.273839	0.263120	1.005849	1.092512	0.048900	5.0	1.6	12.0
692	-0.215165	-0.215165	-0.370073	43.512135	0.266226	1.058236	0.854408	0.042825	3.7	13.8	25.2
693	-0.226707	-0.226707	-0.388788	44.512043	0.262163	1.102743	1.343663	0.044333	2.8	1.6	9.8
694	-0.205798	-0.205798	-0.379644	43.987115	0.264280	1.004578	1.022011	0.042369	3.7	2.2	11.7
695	-0.210936	-0.210936	-0.400339	43.225195	0.267416	0.885456	1.187747	0.046006	6.4	1.5	13.3
696	-0.205221	-0.205221	-0.369075	44.225195	0.263316	0.859264	1.315541	0.041190	3.0	1.5	9.5
697	-0.195138	-0.195138	-0.372419	45.225195	0.259340	0.905527	1.804127	0.037975	2.7	1.4	8.5
698	-0.218607	-0.218607	-0.389086	44.467524	0.262341	1.133930	0.999335	0.052816	3.2	8.8	16.9
699	-0.214172	-0.214172	-0.402259	43.705604	0.265430	1.213897	1.607544	0.052906	2.7	1.6	8.2
700	-0.205847	-0.205847	-0.369905	42.943684	0.268593	0.611129	1.438683	0.026908	2.8	1.7	7.8
701	-0.200081	-0.200081	-0.366005	42.181764	0.271832	0.942087	1.596227	0.040602	8.2	1.8	14.6
702	-0.211684	-0.211684	-0.390857	43.181706	0.267597	1.146669	0.940480	0.046599	3.7	4.2	11.5
703	-0.200101	-0.200101	-0.401445	44.181706	0.263491	0.775496	1.293605	0.044217	11.6	1.8	18.7
704	-0.195463	-0.195463	-0.374988	45.175984	0.259533	0.680799	1.106526	0.030189	3.4	1.8	10.7
705	-0.190404	-0.190404	-0.344901	44.434739	0.262473	0.910883	1.427419	0.040159	2.7	17.0	27.5
706	-0.201544	-0.201544	-0.369209	43.674528	0.265558	0.872776	1.468804	0.036654	2.6	1.5	9.1
707	-0.216809	-0.216809	-0.398088	42.912608	0.268724	0.825369	1.053294	0.039781	3.0	1.7	9.9
708	-0.197202	-0.197202	-0.368406	43.889741	0.264677	0.759924	1.234886	0.036727	3.1	1.7	9.8
709	-0.203912	-0.203912	-0.380423	43.130276	0.267811	0.997086	1.354574	0.060060	7.7	1.6	16.9
710	-0.225666	-0.225666	-0.408920	42.394534	0.270920	1.026883	1.002085	0.047501	3.2	1.5	11.0
711	-0.208644	-0.208644	-0.382136	41.632614	0.274215	1.141099	1.003926	0.052956	3.1	1.7	8.9
712	-0.198206	-0.198206	-0.367142	40.871267	0.277590	1.022391	1.620032	0.042444	7.4	1.6	13.5
713	-0.192273	-0.192273	-0.367213	41.871265	0.273174	1.148479	1.449611	0.051559	3.1	1.5	9.0
714	-0.201314	-0.201314	-0.362715	41.109354	0.276526	0.955482	1.314636	0.039833	2.8	1.5	8.9
715	-0.207321	-0.207321	-0.378918	42.109320	0.272144	0.579600	1.717900	0.034233	7.4	1.9	15.1
716	-0.206507	-0.206507	-0.377566	41.354238	0.275440	0.540506	1.550695	0.029820	2.6	1.5	8.7
717	-0.194048	-0.194048	-0.345453	40.593109	0.278843	1.155051	1.658441	0.052093	2.7	1.8	9.4
718	-0.210299	-0.210299	-0.397262	41.593109	0.274388	1.650974	1.306138	0.071822	12.1	1.5	18.7
719	-0.203731	-0.203731	-0.363155	40.831189	0.277770	1.059746	1.803737	0.040595	8.0	1.9	15.5
720	-0.204701	-0.204701	-0.377798	40.069325	0.281235	0.702703	1.207189	0.032186	3.3	1.4	10.5
721	-0.207218	-0.207218	-0.371766	40.877487	0.277562	1.185651	0.853695	0.048259	3.1	2.1	10.7
722	-0.210788	-0.210788	-0.365343	41.877464	0.273148	0.803489	1.416025	0.032431	7.5	1.6	16.1
723	-0.201128	-0.201128	-0.388067	41.115544	0.276498	1.030953	1.697335	0.043531	2.9	1.5	8.8
724	-0.217372	-0.217372	-0.395321	42.114201	0.272123	0.983381	1.195003	0.037925	7.0	1.4	13.5
725	-0.201812	-0.201812	-0.383464	41.373634	0.275354	0.519005	1.146856	0.028760	2.7	1.7	9.8
726	-0.190729	-0.190729	-0.371035	40.688834	0.278411	1.325102	1.705589	0.054630	2.9	1.8	9.6
727	-0.216740	-0.216740	-0.391878	39.926915	0.281892	0.627268	1.623898	0.036653	7.3	1.6	14.2
728	-0.190631	-0.190631	-0.360426	39.164995	0.285462	0.781728	0.740234	0.032446	2.7	1.7	9.4
729	-0.201274	-0.201274	-0.358382	39.574150	0.283534	0.491304	1.114185	0.031716	2.9	7.7	15.9
730	-0.189452	-0.189452	-0.363595	38.812231	0.287146	0.706947	1.179716	0.041716	2.9	1.7	10.0
731	-0.206093	-0.206093	-0.374601	39.812230	0.282424	0.739811	0.970672	0.039735	9.9	4.4	19.6
732	-0.207750	-0.207750	-0.385080	39.050311	0.286007	0.726228	1.012397	0.032165	2.7	1.5	9.5
733	-0.217504	-0.217504	-0.388467	38.653596	0.287909	0.682192	1.193917	0.035780	2.6	1.7	10.3
734	-0.202941	-0.202941	-0.379396	37.895507	0.291615	1.038086	1.829581	0.045338	11.5	1.5	18.2
735	-0.199133	-0.199133	-0.376675	37.133603	0.295437	0.648501	1.084444	0.034940	2.6	1.9	9.8
736	-0.204085	-0.204085	-0.388999	38.128294	0.290467	0.507558	0.983136	0.022520	8.6	1.4	17.7
737	-0.209734	-0.209734	-0.392554	39.040737	0.286053	0.760164	1.458734	0.031880	3.1	1.3	9.9
738	-0.226405	-0.226405	-0.407584	40.008110	0.281517	1.393144	0.973209	0.059152	6.8	1.5	13.8
739	-0.198417	-0.198417	-0.354383	39.827096	0.282355	0.995567	1.074998	0.040139	2.8	1.7	9.6
740	-0.213446	-0.213446	-0.401335	39.065176	0.285936	0.910342	1.333032	0.035750	2.9	1.6	9.4
741	-0.201967	-0.201967	-0.373946	40.065154	0.281254	0.845909	1.180853	0.039577	6.8	1.5	13.7
742	-0.207291	-0.207291	-0.391325	40.253214	0.280391	0.834334	1.014816	0.038460	3.0	1.4	9.8
743	-0.203876	-0.203876	-0.378202	39.493093	0.283914	1.267356	0.870989	0.056843	2.6	1.5	9.2
744	-0.199344	-0.199344	-0.390666	40.089381	0.281143	0.936672	1.694176	0.046598	7.1	1.5	13.7
745	-0.209685	-0.209685	-0.374218	39.327472	0.284693	0.800569	1.076499	0.033337	2.7	1.5	9.5
746	-0.207883	-0.207883	-0.364078	38.565560	0.288335	1.105833	1.052922	0.046386	8.3	1.7	15.1
747	-0.211037	-0.211037	-0.395254	39.294149	0.284851	0.446885	1.039692	0.028328	2.8	1.4	9.7
748	-0.195568	-0.195568	-0.370604	40.220251	0.280542	1.166029	1.306770	0.046481	2.8	1.9	9.9
749	-0.206634	-0.206634	-0.382928	40.619055	0.278726	0.908456	1.558205	0.041692	6.8	1.5	15.2
750	-0.199545	-0.199545	-0.386068	39.857135	0.282215	0.651284	1.026312	0.035220	3.1	2.1	9.8
751	-0.206838	-0.206838	-0.379865	39.107139	0.285737	0.991116	1.496391	0.042758	3.5	7.2	16.0
752	-0.198911	-0.198911	-0.392848	40.107119	0.281061	0.672878	1.908476	0.033867	3.4	2.1	12.0
753	-0.220475	-0.220475	-0.389197	39.417385	0.284270	0.796702	1.374534	0.037776	4.9	1.7	11.9
754	-0.212957	-0.212957	-0.388803	40.417382	0.279641	0.628937	1.192346	0.036148	7.6	1.7	14.3
755	-0.210410	-0.210410	-0.387895	41.410403	0.275192	1.100304	1.475867	0.053911	2.9	1.4	8.2
756	-0.208395	-0.208395	-0.383833	40.649922	0.278586	0.873711	0.762370	0.039097	3.0	1.4	9.4
757	-0.196462	-0.196462	-0.383626	39.919643	0.281926	1.340602	1.721166	0.057291	14.2	15.6	35.3
758	-0.194358	-0.194358	-0.369731	40.919643	0.277373	0.610914	1.311348	0.028757	3.3	1.9	11.0
759	-0.216181	-0.216181	-0.353013	40.223570	0.280526	1.167043	0.938261	0.052769	3.9	2.5	13.7
760	-0.206355	-0.206355	-0.378081	40.340091	0.279993	0.842578	1.414666	0.033627	2.7	1.8	9.4
761	-0.208558	-0.208558	-0.410636	39.578192	0.283515	0.971223	1.398626	0.045419	8.5	1.8	14.3
762	-0.214226	-0.214226	-0.357460	40.366130	0.279875	0.642957	1.059392	0.037233	2.8	1.5	9.7
763	-0.212225	-0.212225	-0.387418	41.365530	0.275390	0.544074	1.109540	0.040315	3.3	1.7	8.6
764	-0.213522	-0.213522	-0.381324	42.363760	0.271051	1.152233	0.955078	0.051966	9.5	1.6	16.5
765	-0.212020	-0.212020	-0.413408	43.284897	0.267167	0.737036	1.633301	0.040069	2.8	1.5	7.9
766	-0.206034	-0.206034	-0.390421	44.284895	0.263075	0.656557	1.058871	0.038338	2.8	2.4	10.4
767	-0.187984	-0.187984	-0.344927	44.704245	0.261396	1.027223	1.273300	0.046878	7.8	1.7	14.9
768	-0.197959	-0.197959	-0.370381	45.704066	0.257478	1.193026	1.509435	0.051583	2.9	1.7	8.1
769	-0.210979	-0.210979	-0.388646	44.942146	0.260453	0.966113	1.229845	0.040928	2.6	1.6	9.2
770	-0.219390	-0.219390	-0.378250	45.942146	0.256562	0.991092	1.141569	0.048046	7.2	1.6	14.1
771	-0.211835	-0.211835	-0.388699	45.180226	0.259516	0.495209	1.396132	0.034273	3.0	1.7	8.0
772	-0.199608	-0.199608	-0.360790	46.180211	0.255653	0.653882	1.477911	0.028242	7.2	1.5	14.1
773	-0.210399	-0.210399	-0.391331	45.419771	0.258580	0.561361	1.767231	0.038192	4.4	3.3	19.4
774	-0.186676	-0.186676	-0.355649	45.964830	0.256475	0.849477	1.594125	0.042186	3.2	1.4	11.5
775	-0.219465	-0.219465	-0.402076	46.964782	0.252702	1.012109	1.593981	0.056420	3.1	9.3	20.0
776	-0.216716	-0.216716	-0.391311	47.964782	0.249038	0.819015	1.526806	0.038591	3.0	1.7	9.8
777	-0.197025	-0.197025	-0.382093	47.202862	0.251820	0.723544	0.955600	0.032607	2.9	1.5	10.4
778	-0.204106	-0.204106	-0.373278	46.616976	0.254002	0.863322	1.289488	0.039552	8.5	1.5	15.3
779	-0.214613	-0.214613	-0.397746	47.589047	0.250402	0.602619	1.271727	0.034752	2.7	1.6	9.5
780	-0.197341	-0.197341	-0.370792	48.589047	0.246804	0.512760	1.285895	0.027093	8.0	1.5	14.0
781	-0.216706	-0.216706	-0.388018	49.583703	0.243326	0.867288	1.357328	0.031355	2.5	1.6	9.3
782	-0.211334	-0.211334	-0.393714	49.623138	0.243190	0.844233	0.872589	0.038190	2.6	1.4	9.6
783	-0.207180	-0.207180	-0.389286	48.861497	0.245841	1.255814	1.078996	0.051386	8.2	1.8	15.3
784	-0.222026	-0.222026	-0.383094	48.167952	0.248306	0.922653	1.239096	0.038415	3.0	2.0	11.4
785	-0.206634	-0.206634	-0.361251	47.406033	0.251072	1.048816	1.253900	0.048183	7.2	1.7	14.2
786	-0.208511	-0.208511	-0.383724	48.064013	0.248680	0.706786	1.396640	0.057707	2.6	1.7	9.5
787	-0.217831	-0.217831	-0.391463	47.428917	0.250988	0.999040	1.429343	0.047648	2.9	8.2	16.2
788	-0.213605	-0.213605	-0.406173	48.428917	0.247373	0.843194	1.672943	0.056300	3.1	1.7	9.7
789	-0.203694	-0.203694	-0.371590	47.667002	0.250118	1.060764	1.326706	0.046485	2.6	1.6	7.6
790	-0.205429	-0.205429	-0.384938	46.905082	0.252924	0.773831	1.231173	0.030701	2.9	7.8	17.1
791	-0.214871	-0.214871	-0.401234	46.143187	0.255794	0.806681	1.254135	0.039534	3.3	2.3	11.1
792	-0.201760	-0.201760	-0.385691	45.381454	0.258729	0.751691	1.328612	0.031909	2.4	1.4	8.8
793	-0.199887	-0.199887	-0.382752	44.722481	0.261323	0.818048	1.029389	0.035628	8.4	1.8	15.2
794	-0.211627	-0.211627	-0.396548	45.629136	0.257767	0.576470	1.265312	0.027741	2.5	1.4	10.3
795	-0.203022	-0.203022	-0.377821	44.944824	0.260442	0.707710	0.923490	0.038484	7.0	1.6	14.1
796	-0.203401	-0.203401	-0.359241	44.190762	0.263455	0.914914	1.393626	0.046042	2.9	1.6	9.8
797	-0.197742	-0.197742	-0.375740	43.530316	0.266151	0.960611	1.603324	0.041286	3.0	1.6	9.8
798	-0.211482	-0.211482	-0.360828	44.484894	0.262272	0.787844	1.126388	0.049329	9.1	1.5	15.6
799	-0.199286	-0.199286	-0.371106	43.731569	0.265324	0.881788	1.367426	0.047365	2.8	1.9	10.0
800	-0.206279	-0.206279	-0.359975	44.731569	0.261287	1.007927	1.147822	0.042948	3.0	1.8	10.0
801	-0.196594	-0.196594	-0.358472	45.731569	0.257372	0.832836	1.261560	0.047784	7.0	1.9	12.5
802	-0.196797	-0.196797	-0.367845	45.062087	0.259980	0.612152	1.351596	0.037834	3.2	1.6	9.6
803	-0.201634	-0.201634	-0.378106	45.752152	0.257292	1.249907	1.407295	0.052413	3.0	1.8	10.1
804	-0.203424	-0.203424	-0.365657	44.992633	0.260254	1.023259	1.200235	0.042733	7.3	1.4	13.8
805	-0.204129	-0.204129	-0.374636	44.233887	0.263281	0.708353	1.411301	0.030213	2.9	1.4	7.8
806	-0.206361	-0.206361	-0.378406	43.603504	0.265850	0.682893	1.237220	0.034002	9.1	1.4	15.6
807	-0.200859	-0.200859	-0.374897	43.021797	0.268265	0.972866	1.405417	0.040162	2.5	1.6	9.5
808	-0.217538	-0.217538	-0.381321	43.927674	0.264522	0.887745	1.455841	0.040411	5.0	1.7	11.7
809	-0.214107	-0.214107	-0.388277	43.165764	0.267663	1.033710	0.854973	0.041582	7.8	1.6	15.1
810	-0.196953	-0.196953	-0.363039	44.165764	0.263556	1.036192	1.070004	0.048657	3.8	2.1	13.9
811	-0.198206	-0.198206	-0.367866	44.739753	0.261255	0.883100	1.483617	0.036411	2.7	3.9	20.7
812	-0.209233	-0.209233	-0.382378	43.977835	0.264318	0.872650	0.885841	0.043525	3.3	1.6	10.6
813	-0.198459	-0.198459	-0.372993	44.977835	0.260312	0.576326	1.125356	0.043614	2.5	1.7	10.2
814	-0.197277	-0.197277	-0.364200	45.977835	0.256425	0.830892	0.949507	0.043714	2.8	7.9	15.8
815	-0.206025	-0.206025	-0.368207	45.215915	0.259376	1.000566	1.070898	0.039827	3.0	1.6	9.9
816	-0.210957	-0.210957	-0.395403	46.212706	0.255529	0.751956	0.743487	0.034046	8.9	1.7	15.9
817	-0.211273	-0.211273	-0.375245	45.457563	0.258433	0.846969	1.613085	0.051210	2.8	1.7	7.9
818	-0.218826	-0.218826	-0.410649	46.457563	0.254602	0.860927	1.062141	0.045756	2.7	7.3	21.3
819	-0.197463	-0.197463	-0.394983	45.695643	0.257510	0.517532	1.357675	0.030592	10.8	1.8	18.0
820	-0.210406	-0.210406	-0.360540	46.694295	0.253712	0.689133	1.173275	0.030005	2.9	1.4	10.2
821	-0.210544	-0.210544	-0.384807	47.609595	0.250327	0.824526	1.367952	0.047136	2.5	1.6	9.0
822	-0.214417	-0.214417	-0.383342	47.743857	0.249838	0.743235	1.061568	0.041105	7.7	1.4	14.2
823	-0.197551	-0.197551	-0.360978	47.353603	0.251264	0.627210	0.868635	0.028002	2.7	1.6	7.5
824	-0.207395	-0.207395	-0.377970	48.344821	0.247673	1.366797	1.277780	0.062289	2.9	1.6	9.4
825	-0.197137	-0.197137	-0.361867	49.244599	0.244500	1.002735	1.231676	0.045815	9.0	1.4	17.9
826	-0.198068	-0.198068	-0.374146	50.244599	0.241068	0.873856	1.679682	0.035312	2.7	1.4	7.2
827	-0.202886	-0.202886	-0.381543	51.244599	0.237732	1.425752	0.759100	0.062901	2.4	1.5	8.7
828	-0.206899	-0.206899	-0.364784	50.482679	0.240266	0.874102	1.127324	0.039230	7.3	1.3	13.5
829	-0.202429	-0.202429	-0.374249	51.343327	0.237407	0.882519	1.179683	0.046225	2.7	1.6	9.8
830	-0.210083	-0.210083	-0.391098	52.343263	0.234170	0.996488	1.266050	0.049457	7.0	1.4	13.9
831	-0.197499	-0.197499	-0.378377	53.338246	0.231036	1.200128	1.178789	0.048614	2.7	1.7	11.0
832	-0.225749	-0.225749	-0.394069	54.338245	0.227970	1.315759	1.107541	0.060667	6.2	1.4	14.4
833	-0.208664	-0.208664	-0.387247	55.338244	0.224983	0.965474	1.216123	0.055289	2.6	1.5	9.2
834	-0.203657	-0.203657	-0.384108	55.804644	0.223617	0.884271	1.414735	0.035736	2.6	2.2	14.2
835	-0.195811	-0.195811	-0.371071	55.042736	0.225858	0.840163	1.172375	0.038470	2.8	1.7	11.4
836	-0.218652	-0.218652	-0.395839	55.999119	0.223052	1.042893	0.899562	0.039580	2.9	7.5	15.3
837	-0.204454	-0.204454	-0.376441	56.711628	0.221007	1.102741	0.948532	0.047695	3.1	1.4	9.6
838	-0.219426	-0.219426	-0.392029	55.949709	0.223195	0.891575	1.107245	0.051741	8.7	1.9	15.8
839	-0.217447	-0.217447	-0.394752	55.192025	0.225415	0.706006	1.463368	0.037210	2.8	1.6	9.9
840	-0.217298	-0.217298	-0.400938	56.192024	0.222495	0.823000	1.214908	0.047704	3.5	1.8	10.2
841	-0.213937	-0.213937	-0.398773	55.742590	0.223798	0.833988	1.416034	0.032528	7.8	1.5	16.4
842	-0.225335	-0.225335	-0.402126	56.677436	0.221104	1.161059	1.294408	0.046628	2.9	1.7	7.7
843	-0.200773	-0.200773	-0.367839	57.673674	0.218305	0.715344	1.465425	0.033253	2.8	1.5	8.8
844	-0.207841	-0.207841	-0.380959	56.911786	0.220439	1.316503	1.468216	0.051773	7.2	1.3	13.7
845	-0.205267	-0.205267	-0.388290	57.073674	0.219982	1.125130	1.317805	0.043865	2.9	1.6	8.2
846	-0.218210	-0.218210	-0.382716	58.073674	0.217200	0.792313	1.280662	0.038128	2.8	1.5	9.3
847	-0.194007	-0.194007	-0.375365	57.318464	0.219295	1.007907	1.650760	0.051007	8.3	1.7	15.4
848	-0.199619	-0.199619	-0.355669	58.318464	0.216530	1.306656	1.295529	0.063738	3.7	1.7	10.4
849	-0.215566	-0.215566	-0.367696	57.635752	0.218410	1.031160	0.766746	0.044152	2.6	1.6	9.4
850	-0.222669	-0.222669	-0.397780	58.255238	0.216703	0.816175	1.534928	0.044574	7.7	1.5	14.4
851	-0.195009	-0.195009	-0.380967	57.538165	0.218681	0.458860	1.089012	0.025333	7.1	6.9	19.3
852	-0.193331	-0.193331	-0.401368	58.538164	0.215932	0.884391	0.829922	0.036479	3.1	1.6	10.3
853	-0.209800	-0.209800	-0.373567	58.085642	0.217167	0.569639	0.965296	0.025000	2.7	2.7	10.7
854	-0.199493	-0.199493	-0.387189	57.560193	0.218620	0.632063	1.397031	0.036661	8.4	1.6	16.2
855	-0.212361	-0.212361	-0.373805	58.560015	0.215873	0.902894	1.245839	0.036634	2.9	1.6	10.4
856	-0.202049	-0.202049	-0.387029	57.799341	0.217956	0.922738	1.214875	0.046482	7.2	1.8	14.2
857	-0.189741	-0.189741	-0.374306	58.799341	0.215225	0.919059	1.264277	0.036022	2.5	1.6	9.3
858	-0.200325	-0.200325	-0.361945	59.799341	0.212561	0.910810	0.980655	0.039372	3.0	7.7	16.0
859	-0.190121	-0.190121	-0.355523	60.799260	0.209963	1.026641	1.462207	0.044056	3.0	1.4	9.6
860	-0.189423	-0.189423	-0.349717	60.037344	0.211937	1.031498	1.534312	0.047679	3.1	1.6	10.1
861	-0.200019	-0.200019	-0.360096	59.275440	0.213949	0.842438	1.632917	0.049173	3.1	8.5	16.5
862	-0.212590	-0.212590	-0.382868	60.273417	0.211322	0.648872	1.525412	0.033696	2.9	1.9	12.0
863	-0.195931	-0.195931	-0.363428	61.272142	0.208756	1.037739	1.401019	0.051952	2.7	1.9	10.0
864	-0.190037	-0.190037	-0.373931	60.510237	0.210708	0.920516	1.582105	0.037274	3.5	2.0	9.9
865	-0.202478	-0.202478	-0.379896	59.748317	0.212696	0.798786	0.825799	0.037559	16.4	4.3	25.9
866	-0.213451	-0.213451	-0.374282	58.986400	0.214722	0.771509	1.335644	0.036014	2.7	1.6	9.8
867	-0.197826	-0.197826	-0.371030	59.986224	0.212071	0.924020	0.778523	0.038362	2.8	1.6	11.6
868	-0.214794	-0.214794	-0.401829	60.986073	0.209485	0.488996	0.927587	0.021439	6.1	1.6	12.9
869	-0.211953	-0.211953	-0.384335	60.224375	0.211449	0.752772	1.285726	0.044715	2.6	1.6	9.7
870	-0.182159	-0.182159	-0.331598	59.469974	0.213431	0.475464	1.266105	0.023169	7.1	1.4	13.9
871	-0.215442	-0.215442	-0.408899	58.709718	0.215467	1.027875	1.052234	0.052426	3.2	1.8	10.1
872	-0.203687	-0.203687	-0.376779	57.950983	0.217538	1.448652	0.914290	0.065398	7.2	1.5	14.0
873	-0.198890	-0.198890	-0.371944	57.189063	0.219658	0.806247	1.552911	0.037893	2.7	1.6	7.5
874	-0.197274	-0.197274	-0.384866	56.427143	0.221819	0.970624	1.533447	0.045425	2.5	1.5	9.3
875	-0.205348	-0.205348	-0.381413	55.833852	0.223532	1.089797	1.489591	0.047361	7.1	1.7	13.8
876	-0.207107	-0.207107	-0.376264	56.812863	0.220720	0.855120	1.668304	0.038105	2.7	1.5	12.2
877	-0.214025	-0.214025	-0.383388	57.771229	0.218034	0.702907	1.491223	0.039107	9.3	6.3	24.7
878	-0.196343	-0.196343	-0.367094	57.009550	0.220163	1.130837	1.166968	0.046904	3.5	1.9	10.9
879	-0.193736	-0.193736	-0.376074	58.007900	0.217381	0.657016	1.256643	0.038767	3.2	1.7	10.4
880	-0.209834	-0.209834	-0.391409	57.245980	0.219498	1.024677	1.304279	0.043245	11.8	1.7	17.1
881	-0.203882	-0.203882	-0.374322	57.987039	0.217439	0.990806	1.226273	0.040190	10.0	1.8	17.1
882	-0.204983	-0.204983	-0.371324	58.979289	0.214741	0.674793	1.619372	0.029894	3.1	1.6	8.8
883	-0.201904	-0.201904	-0.378436	59.971337	0.212110	0.537401	1.395876	0.033904	3.3	1.7	9.0
884	-0.207192	-0.207192	-0.393271	59.209455	0.214125	0.692630	1.437168	0.028484	3.3	6.3	15.1
885	-0.192052	-0.192052	-0.367907	59.519655	0.213300	1.119108	1.223321	0.053485	3.1	1.7	12.8
886	-0.210417	-0.210417	-0.377952	60.505702	0.210719	0.730817	1.365949	0.032634	5.1	4.8	16.4
887	-0.199746	-0.199746	-0.381189	61.492155	0.208199	0.651317	0.941828	0.040714	3.1	2.0	10.1
888	-0.206133	-0.206133	-0.361256	62.415723	0.205894	0.654107	0.914010	0.028958	3.1	1.5	9.5
889	-0.207613	-0.207613	-0.390018	61.666522	0.207760	1.097588	1.358366	0.050395	2.9	5.5	15.4
890	-0.187179	-0.187179	-0.347170	62.666204	0.205278	0.720543	1.465877	0.029977	2.9	1.5	9.2
891	-0.213336	-0.213336	-0.400160	63.666204	0.202853	0.852578	0.932357	0.043814	3.0	1.8	9.6
892	-0.203507	-0.203507	-0.391327	64.665984	0.200486	0.865285	1.134118	0.040763	8.1	1.8	15.3
893	-0.215234	-0.215234	-0.379500	63.904944	0.202283	0.925803	1.290630	0.039098	2.8	1.8	10.0
894	-0.190797	-0.190797	-0.363035	63.143146	0.204114	0.721805	1.342243	0.033911	8.3	1.8	15.3
895	-0.218350	-0.218350	-0.368505	62.423169	0.205876	1.235691	0.898284	0.048367	2.7	1.7	8.5
896	-0.193795	-0.193795	-0.367745	63.423142	0.203437	1.029067	1.092119	0.042510	3.0	1.4	11.6
897	-0.234388	-0.234388	-0.411668	64.415522	0.201074	0.839503	1.278001	0.044632	5.5	2.0	14.7
898	-0.208040	-0.208040	-0.362143	63.777471	0.202587	0.834041	1.446101	0.036980	2.6	1.5	9.1
899	-0.201109	-0.201109	-0.389967	63.015697	0.204424	0.511232	1.159684	0.027824	3.0	1.8	16.5
900	-0.207202	-0.207202	-0.396468	63.350383	0.203613	0.646946	1.384468	0.031062	2.7	1.9	12.0
901	-0.187836	-0.187836	-0.353665	62.634020	0.205357	0.981915	1.457647	0.040631	3.2	2.1	18.7
902	-0.204566	-0.204566	-0.381019	62.078547	0.206730	0.700843	1.286217	0.035714	2.9	1.9	9.7
903	-0.213506	-0.213506	-0.367957	62.678962	0.205247	0.774964	1.169578	0.033263	13.6	1.6	20.7
904	-0.229344	-0.229344	-0.387314	61.931952	0.207095	1.232141	0.752041	0.064106	2.8	1.6	10.0
905	-0.199122	-0.199122	-0.387200	62.931452	0.204629	0.832310	0.674784	0.037821	2.6	1.8	9.5
906	-0.209528	-0.209528	-0.379307	63.931452	0.202220	0.969974	1.160942	0.041511	6.9	1.5	13.8
907	-0.196630	-0.196630	-0.362177	63.169543	0.204050	0.882728	1.268194	0.041988	3.0	1.6	10.0
908	-0.216529	-0.216529	-0.381595	64.094014	0.201834	1.276895	0.923100	0.050295	3.4	1.4	10.4
909	-0.217539	-0.217539	-0.389043	63.332094	0.203657	0.827637	1.264074	0.039169	7.0	1.4	13.9
910	-0.215895	-0.215895	-0.380891	62.763371	0.205040	1.143550	1.225828	0.042514	2.8	1.5	8.5
911	-0.213257	-0.213257	-0.419267	62.108072	0.206657	0.724243	1.598687	0.038134	2.6	1.6	9.2
912	-0.201948	-0.201948	-0.382230	61.346779	0.208567	0.725163	1.322935	0.039466	7.6	1.6	14.7
913	-0.188307	-0.188307	-0.366837	60.605411	0.210462	1.176587	1.264939	0.048852	3.0	1.6	9.8
914	-0.216079	-0.216079	-0.387268	61.604901	0.207915	1.093448	1.028321	0.041255	6.8	1.6	13.5
915	-0.213119	-0.213119	-0.363643	60.842981	0.209851	0.816109	1.467343	0.040813	3.1	1.6	8.2
916	-0.203857	-0.203857	-0.376427	60.081670	0.211821	0.797675	1.665631	0.034588	2.5	1.7	10.6
917	-0.197215	-0.197215	-0.378984	59.320988	0.213827	0.760387	1.596570	0.036062	7.8	1.6	14.5
918	-0.202857	-0.202857	-0.358477	59.092470	0.214437	0.566050	1.561975	0.032581	2.6	1.4	9.6
919	-0.204371	-0.204371	-0.382619	59.737203	0.212725	0.729965	0.963083	0.043725	2.9	1.5	9.6
920	-0.196124	-0.196124	-0.388911	60.736897	0.210123	0.816892	1.652059	0.034224	6.7	1.6	13.6
921	-0.200621	-0.200621	-0.377509	61.728412	0.207605	1.671989	1.352122	0.064687	2.8	2.1	9.8
922	-0.201981	-0.201981	-0.379653	60.973533	0.209517	1.078839	0.973362	0.046278	6.7	1.4	12.9
923	-0.217190	-0.217190	-0.384976	60.211628	0.211482	1.059113	1.379284	0.043743	2.6	1.7	9.0
924	-0.210902	-0.210902	-0.382251	60.143536	0.211660	0.880326	1.349893	0.036556	2.9	1.4	9.4
925	-0.220633	-0.220633	-0.383195	61.143501	0.209083	1.475716	1.315057	0.065001	7.5	1.5	14.0
926	-0.212733	-0.212733	-0.373409	62.143500	0.206568	0.465449	1.225951	0.019278	2.9	1.5	9.6
927	-0.197344	-0.197344	-0.361102	63.142969	0.204115	1.177080	1.007554	0.048995	6.7	1.5	14.7
928	-0.210982	-0.210982	-0.396132	64.036105	0.201971	0.961841	0.914960	0.048623	3.4	3.4	12.2
929	-0.206329	-0.206329	-0.377369	65.031294	0.199635	0.850014	1.092376	0.040685	3.2	9.4	19.6
930	-0.201031	-0.201031	-0.364692	64.269985	0.201417	0.748454	1.192697	0.035730	3.2	1.8	11.7
931	-0.207720	-0.207720	-0.377117	63.508065	0.203233	0.944518	1.171120	0.042255	7.8	2.0	15.3
932	-0.207222	-0.207222	-0.366699	62.746145	0.205082	1.002698	0.852715	0.045311	2.6	1.6	9.4
933	-0.214882	-0.214882	-0.395092	62.273697	0.206245	0.838315	1.356200	0.043141	13.9	1.7	21.2
934	-0.193801	-0.193801	-0.371469	61.524189	0.208119	0.989341	1.560500	0.047161	2.7	1.7	9.4
935	-0.212406	-0.212406	-0.380058	62.524189	0.205627	1.046419	1.222223	0.050153	2.5	1.6	9.1
936	-0.217397	-0.217397	-0.385409	63.524189	0.203194	0.515669	0.778265	0.026832	7.1	1.4	13.3
937	-0.206560	-0.206560	-0.375498	64.520631	0.200827	1.259820	0.974907	0.052913	2.7	1.7	9.8
938	-0.213616	-0.213616	-0.385394	65.519936	0.198507	0.925584	0.940505	0.045634	7.0	1.5	13.6
939	-0.209704	-0.209704	-0.378848	66.519936	0.196239	1.000659	1.146824	0.066816	2.4	1.5	7.4
940	-0.208798	-0.208798	-0.376772	67.519936	0.194022	0.575237	1.052232	0.028248	2.5	1.6	7.1
941	-0.193326	-0.193326	-0.356423	66.760550	0.195701	0.581814	0.737692	0.028998	3.2	8.5	17.0
942	-0.212117	-0.212117	-0.391639	65.998889	0.197414	0.702488	1.429616	0.027854	2.8	1.7	9.8
943	-0.211362	-0.211362	-0.372653	66.989150	0.195193	0.856902	1.531746	0.036573	3.1	1.8	10.8
944	-0.213353	-0.213353	-0.362219	66.337010	0.196650	0.574285	1.243292	0.030574	8.6	1.8	16.0
945	-0.215554	-0.215554	-0.415959	67.289657	0.194528	0.724742	0.549429	0.035376	3.0	1.4	10.3
946	-0.204018	-0.204018	-0.349649	68.286930	0.192355	1.408725	1.253007	0.062199	3.1	8.4	18.0
947	-0.213556	-0.213556	-0.373308	67.561625	0.193931	0.858953	0.754944	0.041180	3.7	1.6	10.7
948	-0.213627	-0.213627	-0.400310	67.420625	0.194240	1.135475	1.670186	0.048020	9.6	2.0	16.9
949	-0.198634	-0.198634	-0.369760	66.679297	0.195882	0.893100	1.503677	0.039469	3.5	3.1	12.1
950	-0.213521	-0.213521	-0.383850	65.917377	0.197599	0.625913	1.083424	0.044839	3.4	1.9	16.7
951	-0.189459	-0.189459	-0.346409	65.155645	0.199346	1.270828	1.533943	0.058184	2.9	1.4	9.4
952	-0.210991	-0.210991	-0.400973	66.155470	0.197060	0.776395	1.307687	0.034095	3.0	2.7	12.8
953	-0.202530	-0.202530	-0.361610	65.393550	0.198798	0.823627	1.392136	0.033964	2.9	1.6	9.8
954	-0.210369	-0.210369	-0.392639	66.389675	0.196532	0.773091	1.417748	0.042347	7.4	1.8	14.7
955	-0.210482	-0.210482	-0.395393	65.628452	0.198258	0.589712	1.017307	0.028211	2.8	1.5	9.6
956	-0.200776	-0.200776	-0.386444	65.069355	0.199546	0.504735	1.635501	0.043101	6.7	1.7	13.6
957	-0.202073	-0.202073	-0.375538	64.307436	0.201329	1.421341	1.105692	0.055031	2.5	1.5	8.5
958	-0.199424	-0.199424	-0.383512	63.545516	0.203143	0.564446	0.716850	0.035675	2.7	1.6	9.8
959	-0.202168	-0.202168	-0.374479	62.788904	0.204977	0.940602	1.247491	0.048213	7.4	2.0	17.2
960	-0.195747	-0.195747	-0.350142	63.788904	0.202560	1.099318	1.165438	0.048436	3.7	1.7	12.0
961	-0.206170	-0.206170	-0.394108	63.049312	0.204342	0.850626	0.422608	0.038978	12.0	1.8	19.1
962	-0.207848	-0.207848	-0.380455	62.287392	0.206212	0.850823	1.306896	0.045146	10.3	1.6	17.3
963	-0.192749	-0.192749	-0.375902	61.530071	0.208104	0.876366	1.331916	0.044111	4.8	1.5	11.6
964	-0.214201	-0.214201	-0.394616	62.529110	0.205615	0.786810	1.287432	0.031829	8.2	2.1	17.4
965	-0.211220	-0.211220	-0.386925	61.767430	0.207507	0.702026	0.959693	0.037826	3.3	1.8	10.7
966	-0.217667	-0.217667	-0.389905	62.038788	0.206829	0.880745	0.961140	0.039983	14.9	1.5	20.8
967	-0.196263	-0.196263	-0.384518	62.871472	0.204776	0.285594	1.589386	0.021513	2.5	1.7	9.6
968	-0.213645	-0.213645	-0.380334	63.870784	0.202364	1.290005	1.011675	0.054168	2.7	1.5	9.3
969	-0.211176	-0.211176	-0.384325	63.263569	0.203823	1.122893	1.312672	0.047714	6.7	1.7	13.7
970	-0.216920	-0.216920	-0.402640	64.258341	0.201445	1.038176	1.402732	0.043870	3.7	2.2	11.2
971	-0.205064	-0.205064	-0.370217	65.258341	0.199109	0.721877	1.492019	0.030232	8.4	1.5	15.2
972	-0.210534	-0.210534	-0.369521	64.496427	0.200884	1.073905	1.332674	0.040458	2.9	2.0	10.3
973	-0.202175	-0.202175	-0.377788	65.496340	0.198561	0.472972	1.201723	0.023715	3.1	7.2	25.6
974	-0.197310	-0.197310	-0.358778	64.761103	0.200264	1.092811	1.700343	0.048385	6.2	2.3	15.8
975	-0.212574	-0.212574	-0.362801	64.011050	0.202030	0.924533	1.189307	0.048171	2.8	1.8	10.0
976	-0.213528	-0.213528	-0.381579	65.010871	0.199682	0.855390	0.907063	0.034345	2.7	1.5	15.3
977	-0.202304	-0.202304	-0.362092	64.364987	0.201193	0.717851	1.139373	0.028093	3.0	4.3	14.7
978	-0.201409	-0.201409	-0.389330	65.364986	0.198863	0.885338	1.040796	0.047309	3.4	1.5	10.5
979	-0.196105	-0.196105	-0.384015	64.603589	0.200632	0.428392	1.050577	0.021161	10.6	1.8	16.0
980	-0.219276	-0.219276	-0.386145	65.599540	0.198325	0.619743	0.955735	0.032281	2.5	1.6	9.8
981	-0.204347	-0.204347	-0.352655	66.591828	0.196078	0.532333	1.224143	0.023963	7.2	1.7	14.1
982	-0.191512	-0.191512	-0.348542	66.920128	0.195346	0.920574	1.375994	0.045433	2.6	2.0	8.2
983	-0.222084	-0.222084	-0.393968	66.166521	0.197035	0.909180	1.145131	0.047386	2.8	1.6	9.7
984	-0.202403	-0.202403	-0.377896	65.478197	0.198603	0.753512	1.394826	0.041668	8.2	1.8	13.7
985	-0.196968	-0.196968	-0.363874	66.478196	0.196333	1.002202	1.348057	0.044131	2.8	1.6	9.6
986	-0.207140	-0.207140	-0.375460	67.463761	0.194145	0.612477	1.344077	0.027901	7.1	1.9	14.4
987	-0.207756	-0.207756	-0.372731	66.701880	0.195832	1.074490	1.253430	0.047701	3.0	1.6	9.6
988	-0.210530	-0.210530	-0.375287	65.941949	0.197544	0.930647	1.394981	0.040845	7.2	1.5	13.7
989	-0.189659	-0.189659	-0.361840	66.745044	0.195736	1.093077	1.680082	0.050358	2.9	1.8	10.0
990	-0.217434	-0.217434	-0.382702	67.745025	0.193530	1.016013	1.430013	0.052502	2.8	1.4	9.3
991	-0.207751	-0.207751	-0.405316	68.744984	0.191374	1.192971	1.345837	0.057209	7.0	1.5	13.5
992	-0.218345	-0.218345	-0.396145	69.744984	0.189265	0.726150	1.023837	0.031326	3.0	1.6	9.7
993	-0.217533	-0.217533	-0.380607	69.843756	0.189059	0.916155	0.829797	0.042564	2.9	1.6	9.8
994	-0.221101	-0.221101	-0.392122	69.082416	0.190657	0.934974	1.294830	0.041970	11.4	1.5	17.9
995	-0.189284	-0.189284	-0.372693	68.320548	0.192283	0.968273	1.202771	0.037791	8.7	1.6	15.8
996	-0.206939	-0.206939	-0.394054	67.558636	0.193937	1.019586	1.592589	0.043444	2.8	1.8	9.7
997	-0.194399	-0.194399	-0.368145	66.796785	0.195620	0.524899	1.177283	0.034519	7.5	1.6	13.5
998	-0.218665	-0.218665	-0.386908	66.040272	0.197320	0.678537	1.763488	0.036897	3.3	1.6	10.2
999	-0.222165	-0.222165	-0.381396	66.022267	0.197361	0.563603	1.067303	0.038661	6.2	1.4	14.6
