1:ItNr	2:Metric	2:Metric0	2:Metric1	3a:Time	3b:StepSize	4:||Gradient0||	4:||Gradient1||	4:||Gradient||	Time0[ms]	Time1[ms]	Time[ms]
0	-0.219626	-0.219626	-0.397781	0.000000	0.192119	2.883302	1.421078	0.126840	4.3	2.1	6582.4
1	-0.206861	-0.206861	-0.366601	0.000000	0.192119	2.912197	2.109603	0.123240	4.2	1.6	12.7
2	-0.209147	-0.209147	-0.366641	0.000000	0.192119	4.212085	3.604824	0.207399	7.4	1.6	18.0
3	-0.210596	-0.210596	-0.394543	1.000000	0.183386	2.193194	3.023260	0.088841	10.0	2.2	18.1
4	-0.222743	-0.222743	-0.402679	2.000000	0.175413	2.180662	1.879814	0.125205	4.0	1.8	12.9
5	-0.221461	-0.221461	-0.385971	1.094880	0.182599	4.190390	2.592941	0.182558	8.8	2.0	16.7
6	-0.227855	-0.227855	-0.395092	2.094866	0.174692	3.689118	1.259209	0.145009	5.8	1.6	12.4
7	-0.231895	-0.231895	-0.397558	3.094785	0.167443	3.692672	1.379305	0.163410	8.3	1.7	15.8
8	-0.227666	-0.227666	-0.396228	2.198858	0.173909	2.607902	2.692553	0.129316	3.4	1.9	13.4
9	-0.213493	-0.213493	-0.395641	3.195680	0.166744	1.903182	2.694943	0.095050	11.2	3.2	22.1
10	-0.236833	-0.236833	-0.409323	2.299510	0.173158	3.045734	2.339143	0.144545	4.0	1.7	9.7
11	-0.215512	-0.215512	-0.399318	3.037069	0.167845	1.942776	2.824781	0.099964	10.2	1.8	18.0
12	-0.214138	-0.214138	-0.383899	4.037064	0.161141	2.865899	2.388638	0.124099	3.6	1.7	10.7
13	-0.219406	-0.219406	-0.362540	4.217000	0.159991	4.575732	3.699925	0.192253	3.7	7.4	18.1
14	-0.224054	-0.224054	-0.399384	5.216889	0.153889	2.372672	2.487319	0.130503	12.5	1.7	20.5
15	-0.230598	-0.230598	-0.408856	6.216889	0.148235	2.321173	2.710472	0.123353	3.5	1.7	11.4
16	-0.229158	-0.229158	-0.413787	5.347551	0.153126	2.402346	2.909773	0.126203	3.3	1.5	10.3
17	-0.207098	-0.207098	-0.373065	6.323452	0.147657	2.012741	1.491964	0.105241	13.1	9.8	28.4
18	-0.212043	-0.212043	-0.370023	5.482862	0.152344	2.101613	1.857410	0.097396	3.1	1.6	12.7
19	-0.231327	-0.231327	-0.401756	4.577743	0.157735	2.445354	1.962841	0.160522	3.2	1.9	12.7
20	-0.228932	-0.228932	-0.412179	3.672624	0.163521	1.787070	2.453445	0.128751	7.5	3.4	16.6
21	-0.224265	-0.224265	-0.380946	2.767504	0.169748	2.336139	2.074601	0.111938	4.0	1.8	11.1
22	-0.228087	-0.228087	-0.408638	1.862383	0.176469	1.880396	3.123056	0.085311	6.2	1.8	13.9
23	-0.244730	-0.244730	-0.408928	1.511639	0.179218	1.809439	2.149978	0.114430	6.7	1.8	14.4
24	-0.214740	-0.214740	-0.397132	0.606986	0.186722	2.691860	1.737695	0.114722	3.1	2.5	11.4
25	-0.220821	-0.220821	-0.374344	1.443233	0.179764	1.734613	2.377770	0.091088	8.8	2.1	16.4
26	-0.212901	-0.212901	-0.375299	2.443233	0.172096	2.243327	2.282143	0.097803	3.4	2.1	10.9
27	-0.217000	-0.217000	-0.388187	3.416734	0.165235	1.878394	2.834019	0.109905	9.4	2.1	17.5
28	-0.245920	-0.245920	-0.423468	4.398046	0.158851	2.586942	1.388673	0.129732	3.8	1.4	10.1
29	-0.229929	-0.229929	-0.412423	5.240266	0.153752	2.212951	1.597484	0.143803	3.0	3.8	11.5
30	-0.221265	-0.221265	-0.381887	6.240222	0.148108	3.430807	2.576308	0.158273	7.1	1.5	14.4
31	-0.204222	-0.204222	-0.368239	5.335103	0.153198	2.575486	1.660732	0.107372	2.7	1.6	10.0
32	-0.223995	-0.223995	-0.386857	6.282538	0.147878	3.016680	2.154425	0.139944	2.9	7.7	16.4
33	-0.211370	-0.211370	-0.383461	5.377418	0.152953	2.440847	2.279056	0.124534	3.4	1.8	10.9
34	-0.206915	-0.206915	-0.374288	6.377418	0.147366	2.256869	2.861496	0.109669	10.8	8.2	24.6
35	-0.210937	-0.210937	-0.374723	7.377416	0.142173	2.091340	2.006099	0.112705	5.1	6.9	18.2
36	-0.225688	-0.225688	-0.416894	6.474177	0.146847	3.165154	1.772697	0.142414	2.7	1.5	9.6
37	-0.217144	-0.217144	-0.387339	5.730990	0.150930	2.694310	1.412980	0.109528	2.8	1.9	9.8
38	-0.226983	-0.226983	-0.395994	4.827022	0.156212	1.552480	2.026211	0.062173	7.3	1.5	14.4
39	-0.244900	-0.244900	-0.435893	3.962032	0.161625	5.603803	1.768936	0.219401	2.7	1.5	10.1
40	-0.221338	-0.221338	-0.397837	3.329234	0.165829	2.570273	2.872391	0.143645	6.1	4.1	15.8
41	-0.212167	-0.212167	-0.389338	4.329234	0.159282	2.554937	3.072722	0.153826	3.4	1.8	13.0
42	-0.198583	-0.198583	-0.385324	5.329234	0.153233	1.827749	0.952005	0.132421	7.8	1.9	15.4
43	-0.219046	-0.219046	-0.405130	4.584797	0.157691	2.504053	2.520520	0.129365	3.1	1.6	18.7
44	-0.208625	-0.208625	-0.383424	5.578345	0.151796	2.735621	3.014221	0.110830	15.0	4.9	32.1
45	-0.214724	-0.214724	-0.379542	4.682746	0.157090	2.581349	1.745088	0.109648	3.0	1.6	14.0
46	-0.214874	-0.214874	-0.390060	3.777631	0.162828	3.251818	2.227169	0.157683	8.0	1.9	18.5
47	-0.217602	-0.217602	-0.389051	2.873374	0.168996	2.179289	1.399849	0.110740	3.1	1.8	14.5
48	-0.226214	-0.226214	-0.386786	3.873374	0.162201	2.348230	2.457020	0.114888	3.0	2.2	15.3
49	-0.210099	-0.210099	-0.387265	2.968253	0.168327	3.616388	1.713673	0.162394	2.7	1.7	13.2
50	-0.196862	-0.196862	-0.368157	3.968253	0.161585	2.309772	2.326151	0.115900	8.8	2.9	20.9
51	-0.217629	-0.217629	-0.404215	4.968253	0.155363	2.936364	2.559212	0.125866	5.0	2.0	16.4
52	-0.223845	-0.223845	-0.397365	5.952099	0.149691	2.816511	1.967020	0.129545	2.7	1.6	12.3
53	-0.228134	-0.228134	-0.404290	5.046979	0.154893	1.714006	1.517419	0.101078	5.5	1.5	14.7
54	-0.209263	-0.209263	-0.395050	4.141858	0.160469	2.066694	2.033508	0.129113	2.6	1.4	11.8
55	-0.220942	-0.220942	-0.385923	3.621440	0.163861	1.735941	2.597545	0.100898	8.6	2.4	20.4
56	-0.219229	-0.219229	-0.375516	4.621439	0.157466	1.791998	2.057627	0.088031	3.0	3.0	18.8
57	-0.232852	-0.232852	-0.394413	5.485747	0.152327	1.832781	1.525565	0.078631	3.0	1.6	12.2
58	-0.218215	-0.218215	-0.371768	6.258801	0.148007	3.220432	2.561987	0.135066	4.3	7.4	19.0
59	-0.235865	-0.235865	-0.420638	7.258394	0.142772	2.375094	2.486982	0.127259	3.7	1.8	12.9
60	-0.212678	-0.212678	-0.380624	6.740377	0.145438	2.451296	2.699553	0.096574	7.3	1.9	18.1
61	-0.227366	-0.227366	-0.402462	6.738181	0.145449	4.358124	1.601169	0.187627	2.7	1.4	8.8
62	-0.211362	-0.211362	-0.364864	5.833061	0.150355	3.190039	1.776582	0.125456	8.4	1.9	16.7
63	-0.215097	-0.215097	-0.390931	4.927944	0.155604	2.349074	1.523771	0.098063	2.9	1.6	11.5
64	-0.221808	-0.221808	-0.393666	4.022824	0.161233	2.469307	1.079506	0.127399	6.4	1.8	14.9
65	-0.235488	-0.235488	-0.402597	3.178147	0.166865	3.848559	2.206061	0.151676	3.7	2.3	12.1
66	-0.221932	-0.221932	-0.400814	2.273661	0.173350	2.763587	2.606470	0.123154	11.7	2.2	20.3
67	-0.226515	-0.226515	-0.402644	1.368540	0.180365	2.420333	2.714624	0.124549	3.2	2.1	11.4
68	-0.224093	-0.224093	-0.406549	2.368540	0.172646	2.345286	2.437328	0.094307	3.6	1.6	9.6
69	-0.244392	-0.244392	-0.407668	1.466129	0.179581	2.574162	3.371942	0.140352	3.0	1.9	18.3
70	-0.210220	-0.210220	-0.366690	0.561039	0.187120	4.522028	1.828756	0.172726	3.3	1.6	10.6
71	-0.221408	-0.221408	-0.412435	1.561013	0.178826	3.948834	1.291504	0.171613	3.9	2.1	11.9
72	-0.243883	-0.243883	-0.411869	2.561013	0.171236	3.200792	1.966718	0.128543	8.3	1.8	16.4
73	-0.217158	-0.217158	-0.388767	3.561011	0.164264	2.355370	2.614801	0.098172	3.4	1.8	11.7
74	-0.227878	-0.227878	-0.386300	4.558112	0.157856	3.644231	2.133486	0.156682	14.8	1.7	22.9
75	-0.237624	-0.237624	-0.406647	3.652991	0.163651	2.525218	2.275679	0.108524	3.4	1.7	11.1
76	-0.216532	-0.216532	-0.400262	4.613926	0.157512	2.599734	1.566390	0.109953	8.5	1.8	16.1
77	-0.221880	-0.221880	-0.381153	3.710826	0.163268	1.839917	1.696337	0.092361	3.1	1.9	10.9
78	-0.227745	-0.227745	-0.381812	2.805885	0.169475	2.851478	1.750250	0.129754	6.6	1.6	14.1
79	-0.214738	-0.214738	-0.404296	3.805885	0.162643	2.023849	1.534800	0.152367	3.8	2.0	11.8
80	-0.223972	-0.223972	-0.371439	4.805885	0.156340	2.483412	2.818995	0.115801	5.8	1.8	13.5
81	-0.226404	-0.226404	-0.373210	3.900806	0.162023	2.854178	2.606740	0.121852	3.0	1.8	10.3
82	-0.238246	-0.238246	-0.413334	4.900806	0.155767	3.243886	3.408966	0.138430	2.8	2.8	11.5
83	-0.228717	-0.228717	-0.395040	3.995698	0.161408	3.075887	1.781715	0.135734	9.4	1.6	18.9
84	-0.222965	-0.222965	-0.400911	4.995698	0.155199	3.538113	2.372593	0.156000	4.0	11.8	21.6
85	-0.229145	-0.229145	-0.403412	4.092549	0.160785	3.162213	3.066859	0.138784	11.4	1.8	19.1
86	-0.206041	-0.206041	-0.390629	5.092549	0.154623	2.579651	2.541268	0.140151	4.7	1.5	11.8
87	-0.221320	-0.221320	-0.393203	6.092548	0.148915	2.569580	2.343042	0.124323	9.5	1.9	16.8
88	-0.222485	-0.222485	-0.392885	5.214838	0.153901	2.356844	2.060337	0.109361	3.8	2.0	11.8
89	-0.205107	-0.205107	-0.367228	4.309727	0.159405	2.943347	3.492917	0.125335	7.3	1.6	14.9
90	-0.201126	-0.201126	-0.377029	3.414038	0.165253	2.816528	2.094283	0.154066	3.6	1.4	9.2
91	-0.230531	-0.230531	-0.404179	4.292635	0.159513	1.781443	1.543697	0.104185	3.7	1.8	15.4
92	-0.235703	-0.235703	-0.384856	5.249807	0.153696	1.763623	2.629643	0.095338	3.8	1.9	13.0
93	-0.204676	-0.204676	-0.368442	6.244650	0.148084	1.764422	2.283591	0.098324	13.2	2.0	23.5
94	-0.224489	-0.224489	-0.408520	5.340010	0.153170	3.909286	3.208516	0.193543	3.7	1.6	11.1
95	-0.218027	-0.218027	-0.391167	4.928111	0.155603	1.977062	1.955266	0.147825	7.0	1.4	14.2
96	-0.219027	-0.219027	-0.411543	4.554457	0.157878	3.192052	2.198226	0.161801	3.0	1.9	9.9
97	-0.225909	-0.225909	-0.398440	5.554457	0.151933	2.374046	1.435256	0.126299	7.5	1.4	14.0
98	-0.220936	-0.220936	-0.394346	4.649515	0.157293	4.151707	2.332416	0.183197	3.4	1.7	10.7
99	-0.211379	-0.211379	-0.396997	5.602095	0.151661	1.672653	1.262275	0.083501	3.6	7.5	16.6
100	-0.217828	-0.217828	-0.395386	4.698912	0.156991	2.853552	1.645912	0.136120	3.2	1.6	10.6
101	-0.229597	-0.229597	-0.411647	5.698912	0.151111	2.340866	2.054461	0.177550	3.8	1.9	11.5
102	-0.205932	-0.205932	-0.383010	6.698912	0.145655	4.195837	2.299096	0.170780	9.7	1.9	17.2
103	-0.221642	-0.221642	-0.409565	5.793791	0.150576	2.683884	2.522361	0.106318	3.2	1.7	8.9
104	-0.222420	-0.222420	-0.405208	4.888671	0.155840	1.391949	3.732113	0.072155	4.3	9.1	19.2
105	-0.224132	-0.224132	-0.389916	3.983669	0.161485	3.253472	1.883937	0.156968	3.1	1.6	10.2
106	-0.225510	-0.225510	-0.390403	4.291429	0.159520	2.151374	2.706242	0.181721	8.4	1.9	15.7
107	-0.219593	-0.219593	-0.396458	5.291429	0.153453	1.455956	1.467276	0.089564	3.5	1.9	11.7
108	-0.237258	-0.237258	-0.417396	4.386309	0.158924	2.466851	2.086642	0.094602	7.9	2.0	15.4
109	-0.229007	-0.229007	-0.401124	3.482557	0.164791	2.628340	1.690794	0.123424	3.4	2.1	11.2
110	-0.230523	-0.230523	-0.407302	4.482497	0.158324	2.359094	1.826546	0.099776	2.7	1.6	8.5
111	-0.206596	-0.206596	-0.388314	5.482475	0.152346	2.753278	2.132136	0.111317	3.4	7.7	18.4
112	-0.227004	-0.227004	-0.402133	6.479481	0.146819	3.698035	2.382914	0.150905	3.4	1.7	11.3
113	-0.203312	-0.203312	-0.388818	5.574363	0.151819	2.705377	3.494528	0.176129	8.4	1.9	15.9
114	-0.211943	-0.211943	-0.367361	6.489389	0.146766	2.161772	2.181606	0.101126	3.0	1.7	10.5
115	-0.219736	-0.219736	-0.401514	7.489388	0.141614	3.009426	2.570290	0.138174	12.0	1.8	25.4
116	-0.216737	-0.216737	-0.395682	8.489388	0.136812	2.504515	2.835408	0.104289	3.2	1.9	10.8
117	-0.215380	-0.215380	-0.387881	7.584268	0.141144	1.024787	2.085311	0.104527	2.8	1.6	8.0
118	-0.215521	-0.215521	-0.400194	6.686740	0.145719	2.319324	1.465716	0.138277	3.6	10.1	19.3
119	-0.208251	-0.208251	-0.376438	7.686740	0.140640	1.614796	3.034675	0.121136	3.3	1.9	11.7
120	-0.220240	-0.220240	-0.387652	6.781620	0.145222	3.542176	1.691145	0.153282	9.1	2.0	16.7
121	-0.207165	-0.207165	-0.398312	7.781620	0.140176	2.601253	2.525863	0.105731	2.9	1.7	10.5
122	-0.211550	-0.211550	-0.362024	6.876500	0.144728	2.815207	1.373582	0.123672	8.4	2.2	16.3
123	-0.234997	-0.234997	-0.402912	7.876500	0.139716	4.747628	1.862209	0.189669	2.9	1.6	12.2
124	-0.224691	-0.224691	-0.394935	6.971380	0.144237	3.059697	2.464788	0.143971	7.2	1.9	16.4
125	-0.212854	-0.212854	-0.387638	7.971380	0.139258	2.089402	2.724110	0.096102	2.9	5.7	15.6
126	-0.226269	-0.226269	-0.402300	8.971380	0.134612	2.271192	2.114352	0.124811	3.2	1.7	9.1
127	-0.234508	-0.234508	-0.401910	9.971379	0.130265	1.983466	2.603236	0.084930	3.1	2.0	8.9
128	-0.217769	-0.217769	-0.382110	9.066276	0.134187	1.742095	3.022442	0.077357	9.5	1.8	16.9
129	-0.220915	-0.220915	-0.386466	8.195464	0.138189	1.239028	1.583370	0.071850	2.5	1.5	11.3
130	-0.227998	-0.227998	-0.404946	7.547904	0.141324	2.791759	1.286551	0.163303	3.1	1.7	10.3
131	-0.232862	-0.232862	-0.390662	8.547903	0.136541	2.820660	2.530112	0.122774	7.5	1.7	14.9
132	-0.231025	-0.231025	-0.391020	9.529612	0.132150	3.562950	1.525483	0.155918	4.1	1.6	11.7
133	-0.216594	-0.216594	-0.395973	8.689139	0.135891	3.367326	3.097893	0.137940	3.1	7.5	16.3
134	-0.220692	-0.220692	-0.399814	9.524932	0.132171	3.017226	1.870049	0.117501	3.2	1.6	8.8
135	-0.216132	-0.216132	-0.388099	8.619813	0.136209	2.406795	1.572208	0.134006	8.4	2.0	16.2
136	-0.222301	-0.222301	-0.398091	9.619757	0.131761	2.226100	1.525081	0.108317	3.6	2.3	11.0
137	-0.221437	-0.221437	-0.369100	10.619751	0.127594	2.977139	2.095211	0.189927	5.2	2.1	20.9
138	-0.220234	-0.220234	-0.370402	11.619751	0.123683	2.843314	1.063588	0.151682	3.1	1.9	15.2
139	-0.218223	-0.218223	-0.401982	10.714631	0.127212	2.031239	2.070919	0.086489	11.3	2.3	19.2
140	-0.217534	-0.217534	-0.386628	9.818761	0.130910	2.127929	1.715202	0.134673	2.9	1.5	10.6
141	-0.233323	-0.233323	-0.407730	8.936081	0.134770	1.789848	2.624252	0.097364	14.5	1.5	24.2
142	-0.222766	-0.222766	-0.399612	9.936081	0.130414	1.471998	3.429217	0.086037	2.8	1.7	10.4
143	-0.215530	-0.215530	-0.402787	9.044221	0.134285	1.716694	1.874443	0.108079	14.5	1.7	23.5
144	-0.223212	-0.223212	-0.377286	9.908065	0.130532	1.113244	1.948110	0.079056	3.2	2.0	11.0
145	-0.221329	-0.221329	-0.386969	10.907937	0.126442	2.694521	1.663841	0.106135	7.9	1.5	14.7
146	-0.217678	-0.217678	-0.378696	10.005162	0.130123	2.894496	3.713329	0.134294	2.8	1.5	10.6
147	-0.211982	-0.211982	-0.380601	10.996086	0.126093	1.675691	2.351766	0.099715	3.3	2.2	16.4
148	-0.221675	-0.221675	-0.374896	11.341450	0.124747	3.213379	2.321799	0.143829	5.4	1.5	13.2
149	-0.219015	-0.219015	-0.379074	12.341450	0.121005	2.245153	2.047455	0.091731	3.1	1.5	10.5
150	-0.227250	-0.227250	-0.413478	11.455809	0.124307	2.961966	2.351579	0.151330	6.9	1.6	14.5
151	-0.209631	-0.209631	-0.383816	12.439439	0.120651	2.324855	3.527581	0.111944	3.0	1.4	10.1
152	-0.217725	-0.217725	-0.400683	11.534343	0.124007	2.505685	2.710368	0.108291	7.6	1.8	15.7
153	-0.217589	-0.217589	-0.368319	12.534075	0.120310	2.694642	2.445510	0.132875	3.1	1.6	10.2
154	-0.203598	-0.203598	-0.364772	13.534074	0.116827	2.970775	2.629447	0.138101	2.8	1.6	9.9
155	-0.226647	-0.226647	-0.384571	12.653559	0.119883	2.585582	1.368228	0.121928	6.8	3.8	16.4
156	-0.224900	-0.224900	-0.382991	11.748442	0.123197	3.415070	1.688407	0.153800	9.5	1.7	17.4
157	-0.208212	-0.208212	-0.388807	12.254855	0.121321	3.033297	2.161214	0.162060	3.6	1.5	11.1
158	-0.224055	-0.224055	-0.396127	13.254855	0.117779	2.283401	2.635419	0.105022	3.3	8.2	17.0
159	-0.216393	-0.216393	-0.360007	14.254855	0.114438	2.169030	1.738958	0.118135	3.4	1.5	10.8
160	-0.211231	-0.211231	-0.382714	13.361935	0.117412	3.598504	2.069027	0.155893	7.9	1.8	15.5
161	-0.226522	-0.226522	-0.407005	12.456815	0.120588	2.231084	1.753905	0.085844	3.6	1.6	10.8
162	-0.203927	-0.203927	-0.387600	11.551695	0.123941	2.333202	3.075041	0.110504	6.9	1.8	16.2
163	-0.226131	-0.226131	-0.389028	12.551676	0.120247	3.458334	3.663940	0.133375	2.6	1.4	9.6
164	-0.225277	-0.225277	-0.391130	11.646690	0.123581	3.551445	2.775468	0.146206	3.1	7.7	16.1
165	-0.238381	-0.238381	-0.403373	12.646690	0.119908	3.566739	2.242798	0.153921	3.3	1.6	10.3
166	-0.222548	-0.222548	-0.389770	11.741569	0.123222	2.137287	1.729907	0.106278	8.4	1.9	15.5
167	-0.219476	-0.219476	-0.382634	12.741491	0.119571	3.006931	2.337692	0.128936	2.7	1.6	9.0
168	-0.237493	-0.237493	-0.405361	11.836371	0.122867	1.730745	2.732103	0.104835	2.9	1.9	8.6
169	-0.231780	-0.231780	-0.404065	10.938159	0.126322	3.010611	2.221414	0.130100	8.5	1.5	15.6
170	-0.231618	-0.231618	-0.409401	10.033097	0.130006	1.566958	2.403879	0.092023	3.4	2.2	19.6
171	-0.235261	-0.235261	-0.394156	10.489651	0.128121	2.154581	1.707160	0.096923	3.5	1.5	11.8
172	-0.211291	-0.211291	-0.362793	11.296918	0.124919	2.672980	1.753776	0.115990	3.8	1.6	11.3
173	-0.217927	-0.217927	-0.389551	10.391798	0.128521	2.338689	1.360573	0.122065	3.3	14.0	23.0
174	-0.226525	-0.226525	-0.385817	11.390114	0.124559	2.073806	1.955283	0.114485	3.2	1.7	10.8
175	-0.210054	-0.210054	-0.388270	12.390114	0.120829	2.537013	1.751794	0.126713	3.1	1.8	10.3
176	-0.228725	-0.228725	-0.406934	11.485084	0.124195	2.248353	1.340533	0.104791	8.2	1.9	15.3
177	-0.213004	-0.213004	-0.398603	10.580331	0.127753	2.099829	1.990813	0.094914	3.3	1.6	10.5
178	-0.224384	-0.224384	-0.386577	11.528555	0.124029	1.662031	3.722388	0.080904	3.0	1.6	9.2
179	-0.222913	-0.222913	-0.375408	11.694112	0.123401	2.648247	2.282931	0.138418	7.6	1.6	15.0
180	-0.235267	-0.235267	-0.377467	12.681617	0.119783	4.172444	2.402270	0.185745	2.8	2.3	10.5
181	-0.221431	-0.221431	-0.385193	13.681613	0.116330	2.045621	2.689635	0.109030	6.8	1.5	12.2
182	-0.230751	-0.230751	-0.411289	14.328904	0.114198	3.020749	2.772221	0.128330	3.7	1.9	10.6
183	-0.222078	-0.222078	-0.395189	13.440619	0.117144	2.155155	2.044274	0.108756	2.8	7.8	16.6
184	-0.218149	-0.218149	-0.385618	14.439233	0.113843	2.848110	2.560889	0.107306	5.4	1.9	12.9
185	-0.211426	-0.211426	-0.393998	13.534116	0.116826	2.438983	1.790117	0.094230	3.0	1.6	16.2
186	-0.216995	-0.216995	-0.363986	12.629082	0.119970	1.365601	1.681822	0.115779	3.4	1.7	11.3
187	-0.227215	-0.227215	-0.380171	11.781315	0.123073	2.276347	2.185515	0.122335	10.8	1.5	18.1
188	-0.230348	-0.230348	-0.391671	12.581177	0.120142	1.998097	2.470167	0.140082	3.5	1.5	10.6
189	-0.247382	-0.247382	-0.399022	11.676057	0.123470	2.916231	2.897043	0.159222	3.3	1.8	11.1
190	-0.227317	-0.227317	-0.397516	12.671882	0.119818	2.768297	1.671769	0.128214	5.9	1.7	15.9
191	-0.243076	-0.243076	-0.429610	13.671882	0.116362	2.852386	1.651559	0.137692	2.6	1.8	15.5
192	-0.218776	-0.218776	-0.398505	14.671842	0.113100	3.116167	1.747804	0.130093	3.0	3.1	12.3
193	-0.222327	-0.222327	-0.379927	15.428780	0.110750	1.899202	3.212855	0.077076	2.9	1.7	10.5
194	-0.206542	-0.206542	-0.388060	14.523667	0.113572	2.493610	2.931962	0.123669	6.4	1.5	13.5
195	-0.219994	-0.219994	-0.383521	13.618547	0.116541	2.902284	3.002475	0.141405	2.8	1.7	8.5
196	-0.224184	-0.224184	-0.384049	14.474656	0.113729	2.388868	2.276496	0.106733	2.6	1.6	9.6
197	-0.219652	-0.219652	-0.375954	13.755939	0.116081	4.240036	2.844457	0.167494	7.0	1.4	13.3
198	-0.208584	-0.208584	-0.391902	14.347371	0.114139	1.836617	1.801324	0.131938	2.9	2.0	10.6
199	-0.228289	-0.228289	-0.397992	13.442399	0.117137	2.670344	1.458701	0.126335	7.5	1.6	14.4
200	-0.220931	-0.220931	-0.365865	14.442398	0.113832	1.552578	2.459496	0.085030	2.5	1.6	9.5
201	-0.218170	-0.218170	-0.369565	14.334329	0.114181	2.255958	2.037795	0.123399	3.4	1.9	10.2
202	-0.222750	-0.222750	-0.389199	15.334329	0.111038	2.771447	1.356014	0.152225	7.2	1.7	14.2
203	-0.222410	-0.222410	-0.388578	16.324056	0.108094	3.774786	1.898677	0.182953	2.8	1.7	9.9
204	-0.224929	-0.224929	-0.383822	15.499064	0.110537	3.864670	1.834220	0.145308	3.2	2.1	17.5
205	-0.230646	-0.230646	-0.411865	16.498024	0.107592	1.292067	2.287500	0.126875	3.4	1.9	13.0
206	-0.234794	-0.234794	-0.408370	17.474929	0.104860	4.495230	0.980893	0.201291	3.1	1.6	12.5
207	-0.225789	-0.225789	-0.395609	18.474929	0.102204	3.861190	2.212227	0.164056	9.2	8.1	23.1
208	-0.225029	-0.225029	-0.396148	17.569808	0.104602	3.932744	3.699736	0.174536	4.4	1.6	14.0
209	-0.246224	-0.246224	-0.407124	16.664688	0.107116	3.824370	2.242537	0.176587	4.7	1.7	11.7
210	-0.209473	-0.209473	-0.367788	15.759568	0.109754	3.375957	2.187135	0.157963	2.9	1.5	9.8
211	-0.214451	-0.214451	-0.383459	14.854448	0.112524	2.101453	2.713046	0.108700	10.3	2.2	18.3
212	-0.213822	-0.213822	-0.380536	13.949611	0.115438	4.384002	2.417441	0.161373	12.2	1.8	21.9
213	-0.222004	-0.222004	-0.361922	13.044491	0.118507	2.692458	2.037497	0.108390	3.1	3.7	13.3
214	-0.229047	-0.229047	-0.411196	14.038678	0.115144	1.505689	3.084512	0.075333	10.0	2.3	18.6
215	-0.214490	-0.214490	-0.376648	15.037538	0.111953	2.172874	2.492725	0.115980	3.3	1.7	12.7
216	-0.234090	-0.234090	-0.397215	14.136716	0.114823	2.745000	1.662677	0.116163	5.0	17.0	34.1
217	-0.226994	-0.226994	-0.383668	13.231596	0.117859	2.024329	3.529994	0.085742	2.7	1.8	11.9
218	-0.238236	-0.238236	-0.400044	12.327574	0.121056	3.438571	2.239455	0.144904	3.8	1.9	13.8
219	-0.230844	-0.230844	-0.386827	13.327574	0.117529	4.180862	1.474173	0.190216	3.0	1.9	12.4
220	-0.235740	-0.235740	-0.397536	14.327574	0.114202	1.655344	2.650652	0.108340	22.6	2.2	30.6
221	-0.226926	-0.226926	-0.405102	15.252264	0.111290	2.946190	1.481698	0.135332	4.6	1.9	14.5
222	-0.215914	-0.215914	-0.394970	15.708773	0.109906	2.029133	2.902390	0.098249	3.3	4.3	19.2
223	-0.227422	-0.227422	-0.392743	14.863964	0.112494	1.913649	3.441972	0.098662	10.5	1.9	18.5
224	-0.227131	-0.227131	-0.365568	14.309570	0.114261	2.202439	2.871360	0.093226	3.0	1.6	10.6
225	-0.216578	-0.216578	-0.363345	15.309570	0.111114	2.900440	2.310837	0.157071	3.5	3.8	19.0
226	-0.219580	-0.219580	-0.375611	14.404584	0.113954	4.669472	3.395499	0.214215	4.5	2.0	17.5
227	-0.229714	-0.229714	-0.394743	13.499463	0.116944	1.475648	1.846540	0.073971	10.1	2.2	19.2
228	-0.205706	-0.205706	-0.364640	14.499463	0.113650	2.415127	2.419836	0.172694	4.7	2.5	13.1
229	-0.223230	-0.223230	-0.386575	15.494644	0.110550	3.640561	2.633787	0.143511	3.3	2.4	11.5
230	-0.228496	-0.228496	-0.396305	16.494644	0.107602	4.286698	1.703971	0.169193	3.2	13.2	22.2
231	-0.227105	-0.227105	-0.385461	17.494644	0.104807	2.208426	3.051855	0.103708	3.1	1.7	10.7
232	-0.244157	-0.244157	-0.372550	18.158999	0.103029	2.966271	1.950137	0.141243	3.8	1.5	14.9
233	-0.227281	-0.227281	-0.400406	17.278485	0.105399	2.067896	2.430821	0.092731	8.8	1.9	17.2
234	-0.235616	-0.235616	-0.386772	16.373396	0.107951	5.407582	2.939492	0.213944	3.3	1.6	12.0
235	-0.238025	-0.238025	-0.423180	15.480858	0.110592	1.758188	2.111971	0.135079	3.9	2.5	21.5
236	-0.219152	-0.219152	-0.398277	16.480857	0.107642	2.965126	2.586828	0.118829	3.4	1.7	11.4
237	-0.231514	-0.231514	-0.401841	15.575737	0.110305	1.652624	2.326567	0.090197	3.5	1.7	10.7
238	-0.218359	-0.218359	-0.392565	14.685582	0.113057	3.543270	2.668594	0.162642	3.2	1.8	13.2
239	-0.229001	-0.229001	-0.412869	15.685582	0.109975	1.801530	2.726867	0.074436	13.3	2.0	21.7
240	-0.213674	-0.213674	-0.393174	16.685253	0.107058	2.278143	2.285732	0.092741	3.9	1.7	11.7
241	-0.219809	-0.219809	-0.392410	15.780286	0.109692	2.436975	1.678418	0.143808	3.3	1.7	11.3
242	-0.223231	-0.223231	-0.386544	14.875167	0.112459	3.294937	1.163376	0.134930	4.2	1.8	12.3
243	-0.231548	-0.231548	-0.383669	14.026898	0.115183	2.924742	2.909422	0.140699	11.1	1.7	19.3
244	-0.223058	-0.223058	-0.397475	15.026898	0.111986	2.303617	1.860637	0.122790	3.2	1.7	12.8
245	-0.218398	-0.218398	-0.397836	16.026806	0.108962	2.507716	1.853129	0.099146	12.4	2.9	22.6
246	-0.238307	-0.238307	-0.414886	15.121976	0.111691	2.482906	2.231278	0.112585	4.0	1.5	12.2
247	-0.226065	-0.226065	-0.397069	14.216856	0.114562	3.555846	3.474416	0.135861	8.2	1.7	16.3
248	-0.220727	-0.220727	-0.388337	15.216856	0.111398	2.986248	4.533437	0.124709	3.0	1.9	10.9
249	-0.220861	-0.220861	-0.397938	14.311746	0.114254	3.008600	1.428916	0.135893	9.2	1.6	16.3
250	-0.215575	-0.215575	-0.375668	15.311306	0.111109	3.785053	2.132584	0.149779	3.1	1.5	10.3
251	-0.213490	-0.213490	-0.384412	16.311306	0.108131	2.155094	1.645334	0.105522	9.2	2.0	16.6
252	-0.217231	-0.217231	-0.373945	15.406185	0.110819	1.442966	0.978381	0.062730	3.7	1.9	10.1
253	-0.212110	-0.212110	-0.366495	16.392391	0.107896	3.511832	3.457918	0.146270	2.7	1.7	9.0
254	-0.220415	-0.220415	-0.390125	15.487273	0.110573	2.303049	1.929406	0.120123	2.8	8.2	16.4
255	-0.218621	-0.218621	-0.385920	16.486962	0.107624	2.096622	1.328980	0.098727	3.2	1.7	9.8
256	-0.216803	-0.216803	-0.383129	17.383969	0.105109	2.202251	2.454368	0.135193	3.0	1.8	10.6
257	-0.242329	-0.242329	-0.391740	18.378673	0.102454	2.032813	1.969032	0.111876	6.8	1.6	14.6
258	-0.224639	-0.224639	-0.380295	17.473553	0.104864	2.495021	1.931418	0.119106	3.1	1.4	9.6
259	-0.233185	-0.233185	-0.405661	18.473456	0.102208	3.428303	2.243868	0.153836	2.8	2.0	10.0
260	-0.209818	-0.209818	-0.379269	19.473456	0.099683	1.843676	1.320997	0.118364	9.6	2.1	17.4
261	-0.212906	-0.212906	-0.368011	18.570971	0.101956	3.392551	4.294062	0.141619	3.0	1.7	10.1
262	-0.225711	-0.225711	-0.387510	19.489296	0.099644	3.352659	2.454535	0.132182	3.7	7.5	16.0
263	-0.216484	-0.216484	-0.394798	18.584176	0.101922	3.066156	2.496489	0.163069	3.1	1.7	10.0
264	-0.239247	-0.239247	-0.394470	17.680814	0.104302	2.401844	1.738941	0.121474	3.3	1.7	10.1
265	-0.228246	-0.228246	-0.385934	16.802051	0.106727	2.533444	2.354973	0.134539	8.7	2.0	16.0
266	-0.219859	-0.219859	-0.391771	17.802051	0.103976	2.810660	3.844564	0.134097	2.9	1.6	9.9
267	-0.219585	-0.219585	-0.390697	18.802051	0.101364	2.736310	2.322663	0.126641	3.2	1.7	9.8
268	-0.220408	-0.220408	-0.380865	17.896932	0.103723	2.311050	1.828704	0.131881	7.3	1.7	14.1
269	-0.227268	-0.227268	-0.411094	18.896888	0.101123	2.486088	1.668785	0.164725	3.0	1.5	10.0
270	-0.213578	-0.213578	-0.383160	19.896888	0.098650	2.372667	2.389344	0.090201	7.8	1.8	14.4
271	-0.210653	-0.210653	-0.382138	18.991772	0.100883	3.097914	2.455738	0.210229	3.0	1.5	9.8
272	-0.215787	-0.215787	-0.368152	19.784293	0.098923	2.169524	2.284827	0.093165	2.7	1.7	8.3
273	-0.212744	-0.212744	-0.394273	20.784293	0.096555	2.722462	1.592412	0.140847	7.1	1.6	15.4
274	-0.223099	-0.223099	-0.390933	21.784289	0.094299	2.607345	1.501307	0.101433	2.8	1.7	10.5
275	-0.225531	-0.225531	-0.391646	20.883432	0.096327	2.652373	0.740942	0.132683	7.7	3.9	17.9
276	-0.231838	-0.231838	-0.385508	19.999198	0.098404	3.202722	2.540027	0.129541	3.0	1.6	10.2
277	-0.223853	-0.223853	-0.377538	20.975002	0.096117	3.449158	1.409523	0.131196	8.1	2.0	15.3
278	-0.233231	-0.233231	-0.396425	20.069921	0.098235	3.271695	1.832622	0.138156	2.9	1.7	10.0
279	-0.230218	-0.230218	-0.390667	19.164820	0.100449	3.422453	2.054133	0.155498	2.7	1.7	9.2
280	-0.235042	-0.235042	-0.406646	20.164820	0.098008	2.323537	2.095913	0.125744	7.4	2.5	15.0
281	-0.221611	-0.221611	-0.396846	21.164762	0.095684	3.359573	1.442063	0.142903	3.1	1.7	9.1
282	-0.224058	-0.224058	-0.400065	22.164762	0.093467	2.735456	2.122133	0.140084	2.9	1.7	9.4
283	-0.235297	-0.235297	-0.380350	23.164761	0.091351	1.629485	1.432671	0.129493	7.7	2.0	15.5
284	-0.219814	-0.219814	-0.383031	22.259641	0.093262	2.453190	1.467996	0.153521	2.8	1.8	10.4
285	-0.221182	-0.221182	-0.412462	23.259641	0.091155	2.244181	2.201205	0.101511	3.7	9.0	19.8
286	-0.224328	-0.224328	-0.400917	22.355392	0.093056	2.427870	3.165078	0.130393	3.1	1.7	10.5
287	-0.223485	-0.223485	-0.382852	23.313633	0.091044	3.751740	2.834118	0.193110	8.3	1.5	15.5
288	-0.223867	-0.223867	-0.389170	22.408513	0.092943	2.804736	2.860307	0.140381	4.0	2.1	11.7
289	-0.227707	-0.227707	-0.383257	21.503392	0.094922	2.519895	1.834953	0.140198	3.3	10.6	20.1
290	-0.217643	-0.217643	-0.389200	22.503392	0.092740	2.198245	1.887155	0.146939	6.9	1.6	14.1
291	-0.226259	-0.226259	-0.407480	21.598272	0.094710	2.514232	3.194599	0.135297	3.0	1.5	12.4
292	-0.229653	-0.229653	-0.404814	20.693561	0.096765	1.650987	1.077842	0.095073	2.9	1.5	7.6
293	-0.223362	-0.223362	-0.388372	21.514512	0.094897	2.760464	2.083527	0.113393	3.1	2.6	15.9
294	-0.223277	-0.223277	-0.390647	22.514280	0.092717	1.973220	0.977572	0.108787	3.0	1.6	10.5
295	-0.235210	-0.235210	-0.404262	23.514280	0.090634	2.439454	2.841527	0.128528	3.2	1.5	12.1
296	-0.223870	-0.223870	-0.392393	24.514274	0.088642	3.701738	2.565853	0.195206	8.6	1.8	16.4
297	-0.217340	-0.217340	-0.384211	23.609154	0.090441	1.389971	1.676243	0.104130	3.4	3.0	11.7
298	-0.230388	-0.230388	-0.386973	22.704034	0.092314	2.603028	2.535848	0.112556	2.9	1.8	8.2
299	-0.225538	-0.225538	-0.381136	23.703867	0.090249	2.839809	1.746180	0.110391	11.9	10.4	29.7
300	-0.223066	-0.223066	-0.388617	24.703859	0.088275	2.708966	1.909963	0.123329	3.1	1.6	12.4
301	-0.226517	-0.226517	-0.417788	23.798791	0.090058	2.462007	2.097364	0.099653	3.6	1.7	10.6
302	-0.225111	-0.225111	-0.365361	22.893670	0.091915	2.918381	2.636978	0.156937	3.1	7.6	16.3
303	-0.203880	-0.203880	-0.374494	22.024543	0.093772	2.858972	2.199200	0.123635	3.0	1.4	11.1
304	-0.215591	-0.215591	-0.375405	21.823979	0.094211	2.700558	2.308949	0.143341	3.1	1.9	9.5
305	-0.214045	-0.214045	-0.355507	22.823891	0.092062	3.216767	2.373454	0.133814	7.7	1.6	15.2
306	-0.207426	-0.207426	-0.375652	21.918770	0.094003	2.885931	2.598143	0.117339	3.0	1.4	10.6
307	-0.231369	-0.231369	-0.398241	21.020970	0.096012	2.375436	2.714985	0.132810	9.5	2.2	17.5
308	-0.234680	-0.234680	-0.420990	22.020970	0.093780	2.272351	1.913122	0.123969	2.9	1.7	10.7
309	-0.213767	-0.213767	-0.380607	23.020372	0.091651	2.284154	1.911918	0.138672	6.2	1.4	13.2
310	-0.222530	-0.222530	-0.371350	24.020372	0.089615	2.560918	2.271101	0.114369	3.1	1.5	10.2
311	-0.201743	-0.201743	-0.364008	23.192670	0.091293	4.503565	2.686721	0.178079	7.1	1.8	14.2
312	-0.213746	-0.213746	-0.375368	24.192670	0.089273	3.186221	2.201497	0.162113	3.1	1.7	10.3
313	-0.210339	-0.210339	-0.374641	25.105542	0.087506	3.083588	3.082419	0.140172	7.3	1.5	14.4
314	-0.222849	-0.222849	-0.403572	24.200422	0.089258	2.107716	1.952501	0.099294	3.2	2.3	11.1
315	-0.232474	-0.232474	-0.399375	23.295302	0.091082	2.602227	3.452238	0.116144	3.1	2.3	13.4
316	-0.212288	-0.212288	-0.380067	22.390413	0.092981	3.730418	3.413852	0.161054	8.8	1.7	16.9
317	-0.236201	-0.236201	-0.394718	21.485298	0.094962	2.615199	2.668032	0.121815	9.0	1.9	17.4
318	-0.235060	-0.235060	-0.394845	20.580178	0.097029	3.641033	2.458292	0.165479	3.5	2.0	9.5
319	-0.220301	-0.220301	-0.385009	21.580178	0.094751	4.370774	3.147489	0.170333	8.7	2.0	16.0
320	-0.218262	-0.218262	-0.382513	20.675057	0.096808	2.023626	1.439604	0.087233	2.6	1.4	9.5
321	-0.236405	-0.236405	-0.395511	19.771148	0.098955	3.247384	2.339095	0.147407	8.0	1.8	15.1
322	-0.235496	-0.235496	-0.397124	19.917185	0.098602	2.733801	1.621991	0.114795	2.8	1.7	10.1
323	-0.213237	-0.213237	-0.378314	20.917185	0.096249	4.744357	2.217559	0.200025	2.8	1.7	9.8
324	-0.218044	-0.218044	-0.379835	21.917185	0.094007	2.719452	1.083050	0.127469	6.9	1.6	13.2
325	-0.233312	-0.233312	-0.397605	22.917184	0.091866	2.759841	2.371831	0.122438	2.8	1.7	9.9
326	-0.238667	-0.238667	-0.414823	23.283746	0.091106	2.339250	1.585335	0.136740	3.1	1.6	10.4
327	-0.227524	-0.227524	-0.382991	22.378626	0.093007	2.232714	2.630314	0.115655	7.1	1.5	14.6
328	-0.216847	-0.216847	-0.380653	22.351174	0.093065	1.922154	2.414361	0.087700	2.9	1.6	10.7
329	-0.216272	-0.216272	-0.387522	22.607694	0.092518	2.435306	2.935747	0.131840	3.0	1.6	12.0
330	-0.220609	-0.220609	-0.401507	21.702574	0.094479	2.620565	2.230246	0.139978	4.8	1.5	13.3
331	-0.234142	-0.234142	-0.392698	22.702574	0.092317	2.957441	1.626785	0.119344	3.2	2.2	8.8
332	-0.221370	-0.221370	-0.397612	21.797454	0.094270	3.098830	2.463647	0.130011	2.6	2.0	9.9
333	-0.236030	-0.236030	-0.406590	22.797079	0.092118	2.538325	2.239858	0.113890	10.2	1.7	19.5
334	-0.220687	-0.220687	-0.400615	21.892012	0.094062	2.328935	1.304804	0.105360	7.3	2.0	15.2
335	-0.217098	-0.217098	-0.392273	20.987467	0.096088	2.266123	2.827486	0.088890	2.9	1.7	10.5
336	-0.230056	-0.230056	-0.403517	20.591726	0.097002	3.057693	1.251045	0.127174	6.9	1.5	14.0
337	-0.216450	-0.216450	-0.381194	21.591673	0.094725	3.172963	1.965395	0.161455	2.8	1.6	8.1
338	-0.228624	-0.228624	-0.394727	20.686560	0.096782	2.011936	2.237145	0.102535	3.1	1.9	8.9
339	-0.228495	-0.228495	-0.383486	21.180946	0.095647	3.805369	2.443288	0.150742	7.1	1.8	14.8
340	-0.201840	-0.201840	-0.390931	22.180944	0.093432	2.367213	2.513995	0.102813	3.0	1.6	10.5
341	-0.236864	-0.236864	-0.411325	23.062163	0.091564	1.835979	2.871654	0.106728	3.2	7.3	18.1
342	-0.211569	-0.211569	-0.389701	22.157729	0.093483	2.104709	2.700772	0.097085	3.4	1.7	10.1
343	-0.230792	-0.230792	-0.400577	23.157521	0.091366	3.411596	2.021037	0.160741	8.6	1.5	16.1
344	-0.219265	-0.219265	-0.370153	22.252412	0.093278	2.487298	2.344139	0.098165	3.3	1.7	10.4
345	-0.235886	-0.235886	-0.398532	23.252406	0.091170	1.824466	3.126989	0.100761	3.3	1.9	10.7
346	-0.224887	-0.224887	-0.377947	22.354230	0.093059	2.395824	1.705286	0.100284	8.0	1.5	15.1
347	-0.225468	-0.225468	-0.385233	22.613158	0.092506	3.258167	1.749596	0.169471	2.7	1.9	10.2
348	-0.215038	-0.215038	-0.396733	22.055663	0.093704	2.391889	1.556918	0.120205	3.0	8.6	17.0
349	-0.221813	-0.221813	-0.409413	21.162589	0.095689	2.683153	3.282324	0.116127	3.2	2.2	11.3
350	-0.220422	-0.220422	-0.375680	22.062330	0.093690	1.660529	1.473995	0.063989	6.9	1.9	14.3
351	-0.224246	-0.224246	-0.391763	23.061038	0.091566	2.425975	2.687489	0.120082	3.0	1.7	10.2
352	-0.221861	-0.221861	-0.388342	22.164806	0.093467	3.161847	3.793115	0.156263	7.8	1.8	15.2
353	-0.231019	-0.231019	-0.396945	21.260248	0.095468	4.052806	1.599167	0.186378	3.1	1.7	13.0
354	-0.214339	-0.214339	-0.378764	22.157579	0.093483	2.969717	1.779795	0.128388	9.5	1.8	16.9
355	-0.225968	-0.225968	-0.395040	23.157579	0.091366	2.472256	1.284014	0.113672	3.0	1.5	12.5
356	-0.212685	-0.212685	-0.380471	24.157573	0.089343	2.729024	2.185979	0.117330	9.5	1.9	16.7
357	-0.224758	-0.224758	-0.405635	25.156566	0.087409	2.748200	3.040680	0.129548	2.9	1.7	10.5
358	-0.230504	-0.230504	-0.393989	26.156243	0.085556	2.985551	1.968670	0.131629	8.0	1.5	15.4
359	-0.211206	-0.211206	-0.385085	27.156243	0.083779	2.699432	2.018218	0.137888	3.0	1.5	12.2
360	-0.220926	-0.220926	-0.386624	28.156243	0.082075	1.192758	2.898464	0.053848	6.0	1.7	11.9
361	-0.232556	-0.232556	-0.419021	27.262018	0.083596	3.932872	2.841670	0.151314	2.6	1.4	10.1
362	-0.232412	-0.232412	-0.387964	28.217347	0.081973	2.953975	2.375442	0.119845	2.7	1.7	10.0
363	-0.227842	-0.227842	-0.399979	27.317506	0.083500	3.076563	2.335596	0.138662	6.9	1.5	13.6
364	-0.230508	-0.230508	-0.388741	26.412386	0.085094	3.886948	2.088810	0.163301	2.5	1.8	10.7
365	-0.236713	-0.236713	-0.418511	25.507306	0.086750	2.348687	2.465396	0.125223	3.1	1.7	10.7
366	-0.234173	-0.234173	-0.413849	24.603520	0.088469	2.321839	2.084492	0.177008	7.2	1.8	14.0
367	-0.233527	-0.233527	-0.400366	23.698400	0.090260	2.003030	1.803283	0.121939	2.8	1.9	10.0
368	-0.216766	-0.216766	-0.361628	22.794536	0.092123	2.673198	2.438537	0.109964	4.0	1.7	11.0
369	-0.217433	-0.217433	-0.383965	23.794282	0.090067	2.953569	2.023974	0.145342	7.3	1.5	16.2
370	-0.221026	-0.221026	-0.379672	24.767306	0.088152	2.910847	1.817463	0.130875	2.7	1.5	9.8
371	-0.227221	-0.227221	-0.392470	25.767306	0.086267	2.212592	2.774777	0.120747	3.5	7.6	16.6
372	-0.228570	-0.228570	-0.392558	26.639144	0.084689	1.756478	2.047606	0.091832	2.6	1.7	10.2
373	-0.221202	-0.221202	-0.381713	27.637153	0.082951	3.431788	1.950960	0.149229	8.0	1.7	14.1
374	-0.225220	-0.225220	-0.379069	26.764677	0.084466	3.548950	1.760321	0.171458	2.6	1.8	11.0
375	-0.216095	-0.216095	-0.396784	27.764667	0.082734	2.508695	2.274990	0.113013	2.9	2.1	10.6
376	-0.222925	-0.222925	-0.379131	28.764667	0.081072	3.217967	1.908647	0.147720	7.0	1.7	12.8
377	-0.213767	-0.213767	-0.397898	29.764667	0.079474	2.961867	1.875870	0.139237	2.9	1.5	10.0
378	-0.218400	-0.218400	-0.386462	30.567453	0.078237	1.552057	2.525923	0.142153	2.7	1.5	18.4
379	-0.217600	-0.217600	-0.394705	29.662406	0.079635	2.600956	2.037030	0.155322	2.9	1.7	10.9
380	-0.223408	-0.223408	-0.393843	28.757286	0.081084	2.149647	2.538798	0.097216	2.9	1.8	10.4
381	-0.222118	-0.222118	-0.403937	27.852444	0.082585	2.744019	1.714963	0.136470	12.7	2.2	21.3
382	-0.218788	-0.218788	-0.375882	28.852444	0.080929	3.245760	1.760917	0.167591	2.8	1.6	10.4
383	-0.202296	-0.202296	-0.370926	27.947324	0.082425	1.890382	2.305061	0.093937	3.1	2.1	10.8
384	-0.225890	-0.225890	-0.386409	27.042207	0.083978	2.498276	1.632102	0.109981	3.5	1.6	10.6
385	-0.236935	-0.236935	-0.408173	26.807339	0.084391	3.109625	2.299601	0.158776	11.4	1.8	23.7
386	-0.219440	-0.219440	-0.380961	25.902218	0.086019	2.194604	1.368440	0.116528	6.7	1.6	15.9
387	-0.233758	-0.233758	-0.396300	26.902218	0.084224	2.046634	1.741330	0.080321	3.6	1.6	10.7
388	-0.218190	-0.218190	-0.383506	26.891417	0.084243	3.178143	1.569045	0.163049	8.0	2.0	20.6
389	-0.228167	-0.228167	-0.395331	27.436680	0.083294	1.489808	2.696550	0.100437	8.0	1.8	15.5
390	-0.225638	-0.225638	-0.361735	27.130778	0.083824	2.924571	0.872950	0.148197	2.7	1.5	9.9
391	-0.237716	-0.237716	-0.413457	28.130439	0.082118	2.451969	3.295971	0.109885	2.9	6.3	17.9
392	-0.222010	-0.222010	-0.363578	27.225319	0.083659	4.156902	2.155488	0.169607	10.8	1.9	18.6
393	-0.215000	-0.215000	-0.383146	28.225313	0.081960	1.782156	2.726382	0.090895	2.7	2.1	10.5
394	-0.215906	-0.215906	-0.384982	29.225224	0.080328	3.445479	2.198895	0.138014	4.3	2.1	18.1
395	-0.225416	-0.225416	-0.390728	30.225224	0.078760	3.577137	1.853271	0.153002	3.0	1.5	9.7
396	-0.234155	-0.234155	-0.392645	31.225224	0.077252	3.174282	2.488046	0.135440	2.9	1.7	10.2
397	-0.216291	-0.216291	-0.408298	30.320104	0.078614	3.135158	1.182373	0.126645	4.0	6.1	16.0
398	-0.228535	-0.228535	-0.380799	31.316913	0.077116	2.504064	3.264354	0.103163	3.4	1.8	10.9
399	-0.235031	-0.235031	-0.388508	30.411801	0.078474	2.140671	2.823266	0.109219	8.5	1.4	15.9
400	-0.218050	-0.218050	-0.373795	29.507419	0.079879	3.936986	1.242331	0.182735	2.8	1.8	12.6
401	-0.227309	-0.227309	-0.398008	30.506140	0.078330	2.349820	1.301021	0.119462	8.4	2.4	16.2
402	-0.219321	-0.219321	-0.391846	29.601020	0.079732	3.505047	3.385460	0.169095	3.6	1.6	10.6
403	-0.224848	-0.224848	-0.397253	30.601017	0.078186	3.596831	3.122059	0.174210	7.9	1.6	14.7
404	-0.217280	-0.217280	-0.394910	29.695896	0.079582	1.968408	1.505239	0.093381	3.0	1.7	10.5
405	-0.209731	-0.209731	-0.374095	29.649824	0.079655	1.554548	1.956155	0.144594	3.0	1.8	12.6
406	-0.230168	-0.230168	-0.392392	30.649824	0.078112	1.554802	1.755950	0.083632	6.1	1.6	13.4
407	-0.228288	-0.228288	-0.393641	29.746455	0.079503	3.308758	2.003109	0.144236	2.8	1.5	10.4
408	-0.216916	-0.216916	-0.370239	28.851288	0.080931	2.460714	2.778255	0.089866	3.1	1.7	16.7
409	-0.238269	-0.238269	-0.399199	27.946168	0.082427	2.341208	2.251983	0.112751	3.0	1.8	10.4
410	-0.215879	-0.215879	-0.366522	28.879408	0.080885	3.439828	3.081201	0.161942	3.1	1.7	9.9
411	-0.227349	-0.227349	-0.392722	29.230557	0.080320	2.510127	1.701149	0.135442	8.2	1.8	15.3
412	-0.222706	-0.222706	-0.400186	30.230557	0.078752	2.978014	1.655903	0.127964	3.1	1.6	10.3
413	-0.222136	-0.222136	-0.399401	31.085984	0.077458	2.361707	2.962006	0.116939	9.0	1.6	16.4
414	-0.215784	-0.215784	-0.376748	32.080840	0.076007	2.569082	3.829872	0.131167	3.0	1.5	9.7
415	-0.221660	-0.221660	-0.398345	33.080840	0.074601	3.417359	2.776854	0.165594	2.7	1.9	14.7
416	-0.230405	-0.230405	-0.399860	32.175754	0.075871	3.006230	2.454204	0.144531	3.0	1.6	11.9
417	-0.215121	-0.215121	-0.391134	31.270841	0.077184	1.853026	2.624922	0.076434	3.1	1.6	10.3
418	-0.220205	-0.220205	-0.372768	32.270619	0.075736	2.351787	1.744507	0.108922	8.9	2.3	17.1
419	-0.226956	-0.226956	-0.381660	31.365654	0.077045	2.034950	2.085965	0.100492	3.0	1.6	10.1
420	-0.230272	-0.230272	-0.391243	30.703223	0.078032	4.176300	2.934405	0.196542	7.6	1.7	15.0
421	-0.228727	-0.228727	-0.390188	31.699335	0.076557	2.894417	2.751968	0.128352	3.0	1.7	10.2
422	-0.221848	-0.221848	-0.368133	30.798946	0.077888	2.539906	2.038707	0.116994	3.1	8.1	18.6
423	-0.230482	-0.230482	-0.387599	31.797812	0.076414	2.543111	1.246785	0.103702	3.3	1.5	9.7
424	-0.222135	-0.222135	-0.374163	32.794437	0.074998	1.884208	1.320922	0.122946	8.1	1.5	15.6
425	-0.223521	-0.223521	-0.400913	31.889396	0.076282	3.771992	3.017640	0.145444	2.9	1.7	10.2
426	-0.213423	-0.213423	-0.380307	31.084663	0.077460	2.475100	3.225770	0.110699	2.8	1.7	8.8
427	-0.218901	-0.218901	-0.376171	30.182678	0.078825	3.489445	3.230226	0.161281	7.4	1.5	14.7
428	-0.239909	-0.239909	-0.392170	30.178410	0.078832	1.811197	2.090132	0.102996	3.0	1.6	10.0
429	-0.225437	-0.225437	-0.416400	31.178410	0.077321	2.627388	2.838213	0.120936	6.2	1.8	14.1
430	-0.220590	-0.220590	-0.396493	30.273445	0.078686	2.643485	3.173416	0.112771	2.6	1.5	10.0
431	-0.240267	-0.240267	-0.402709	29.449215	0.079971	3.419802	1.363795	0.145326	2.6	5.6	13.6
432	-0.228461	-0.228461	-0.409613	28.575382	0.081381	2.283619	1.830280	0.091269	3.6	1.6	10.5
433	-0.223019	-0.223019	-0.395124	29.555433	0.079803	3.088558	3.263321	0.145022	3.0	1.6	8.0
434	-0.212227	-0.212227	-0.369168	28.650349	0.081258	1.857362	2.976922	0.091032	3.4	2.2	17.3
435	-0.210456	-0.210456	-0.378078	27.789667	0.082692	3.874028	3.946457	0.177707	3.3	1.6	12.9
436	-0.221137	-0.221137	-0.376776	26.884547	0.084255	4.452050	1.660598	0.204816	3.4	1.7	10.3
437	-0.217009	-0.217009	-0.376026	27.884547	0.082531	2.691200	1.906353	0.118051	8.5	1.7	16.6
438	-0.216585	-0.216585	-0.374019	26.979426	0.084088	2.091823	1.340454	0.106290	2.9	1.8	10.4
439	-0.220748	-0.220748	-0.407984	27.979421	0.082371	2.022775	2.266229	0.101058	2.8	1.7	10.1
440	-0.238947	-0.238947	-0.400214	27.074301	0.083922	2.244942	1.363364	0.109593	7.7	1.6	15.2
441	-0.219686	-0.219686	-0.380842	26.485425	0.084963	2.304921	1.750589	0.104363	2.8	1.6	8.0
442	-0.221284	-0.221284	-0.384533	27.080708	0.083911	2.898525	1.902876	0.115940	2.6	1.9	8.6
443	-0.234805	-0.234805	-0.403015	27.196987	0.083708	1.768893	1.314024	0.081413	7.5	1.6	14.8
444	-0.203238	-0.203238	-0.364489	26.312042	0.085274	2.830296	2.288724	0.136496	3.0	1.9	11.4
445	-0.229030	-0.229030	-0.385249	27.291115	0.083545	3.145616	2.062447	0.156588	3.2	7.7	16.4
446	-0.221635	-0.221635	-0.381543	26.386305	0.085141	2.885799	3.239084	0.137689	3.0	1.8	10.5
447	-0.227865	-0.227865	-0.385257	27.386300	0.083381	3.208538	1.214923	0.146281	3.3	1.5	14.3
448	-0.232234	-0.232234	-0.389620	26.481180	0.084970	2.766021	1.708642	0.107118	5.9	9.4	21.6
449	-0.211867	-0.211867	-0.356670	27.380175	0.083392	1.561667	1.546694	0.073428	3.3	2.4	12.1
450	-0.222053	-0.222053	-0.410743	27.912655	0.082484	3.145239	2.061915	0.150852	3.0	1.8	17.3
451	-0.220559	-0.220559	-0.408044	27.007538	0.084039	2.974230	2.236430	0.126769	5.0	11.1	22.9
452	-0.213885	-0.213885	-0.388219	28.007538	0.082324	2.824549	2.607835	0.168289	2.9	1.5	9.9
453	-0.216198	-0.216198	-0.385012	29.007076	0.080679	2.111938	3.310146	0.099404	2.8	1.5	10.6
454	-0.226331	-0.226331	-0.400738	28.122634	0.082131	2.287431	2.051696	0.099679	3.2	6.8	15.3
455	-0.228141	-0.228141	-0.398356	29.121091	0.080495	3.440808	2.266724	0.146097	3.2	1.5	11.6
456	-0.206175	-0.206175	-0.380455	30.121091	0.078920	4.074905	3.344007	0.153726	7.8	1.8	15.5
457	-0.234631	-0.234631	-0.412602	29.215971	0.080343	1.741246	1.956726	0.093535	3.3	1.7	11.0
458	-0.219500	-0.219500	-0.388572	28.310922	0.081818	1.704065	2.392111	0.100937	3.1	1.6	19.8
459	-0.217728	-0.217728	-0.394932	29.310919	0.080191	3.109362	1.792952	0.132837	2.8	1.7	10.9
460	-0.215137	-0.215137	-0.363650	29.031816	0.080639	2.263661	3.357392	0.101140	3.3	1.9	11.2
461	-0.245625	-0.245625	-0.405172	30.031789	0.079058	3.117794	2.734674	0.127275	9.6	1.8	17.4
462	-0.199803	-0.199803	-0.354636	29.163242	0.080427	1.904232	1.634990	0.088884	3.1	1.8	11.0
463	-0.226760	-0.226760	-0.386035	28.661255	0.081240	1.974112	1.412755	0.088293	11.5	2.1	19.1
464	-0.223231	-0.223231	-0.362363	29.657036	0.079643	2.467144	2.504254	0.112238	6.3	8.4	21.1
465	-0.226894	-0.226894	-0.398585	28.751916	0.081092	2.244081	2.025605	0.117134	2.8	2.1	10.9
466	-0.226245	-0.226245	-0.393798	29.751914	0.079494	3.016289	2.132202	0.190527	2.8	1.8	12.2
467	-0.224016	-0.224016	-0.386071	30.751914	0.077958	3.096143	1.100424	0.130704	9.4	11.3	28.6
468	-0.212012	-0.212012	-0.371069	31.751913	0.076481	1.787961	2.158535	0.082970	3.5	2.6	13.6
469	-0.225944	-0.225944	-0.389665	32.751889	0.075058	2.654913	2.182203	0.113828	3.3	2.1	11.3
470	-0.224383	-0.224383	-0.388032	31.846769	0.076343	2.845864	1.998361	0.108426	23.1	2.5	33.6
471	-0.226987	-0.226987	-0.391449	32.846768	0.074926	1.840372	2.180261	0.086074	3.8	2.3	11.8
472	-0.235794	-0.235794	-0.417026	33.846676	0.073560	3.585388	1.491417	0.138738	3.3	1.8	10.9
473	-0.232379	-0.232379	-0.390880	34.723050	0.072403	2.464384	1.689817	0.137877	10.2	2.2	18.6
474	-0.220222	-0.220222	-0.361736	35.723050	0.071126	2.374255	2.050094	0.136957	3.1	1.8	13.6
475	-0.229027	-0.229027	-0.397619	36.723050	0.069894	3.735429	1.767614	0.155779	4.6	2.6	15.4
476	-0.217568	-0.217568	-0.374166	37.723050	0.068704	2.389447	2.887273	0.096340	22.6	2.5	31.6
477	-0.207540	-0.207540	-0.376226	38.694120	0.067586	1.101673	1.903593	0.113366	3.1	1.6	13.8
478	-0.208419	-0.208419	-0.369350	39.677380	0.066491	2.830498	3.412431	0.147210	3.9	2.1	13.4
479	-0.221202	-0.221202	-0.398832	40.677380	0.065413	2.990149	1.772846	0.135012	11.8	3.0	21.3
480	-0.211283	-0.211283	-0.377680	39.803222	0.066353	2.718519	2.593463	0.116262	3.8	2.1	12.4
481	-0.239753	-0.239753	-0.405523	40.799251	0.065284	1.746207	2.362003	0.145866	13.6	12.0	32.0
482	-0.228181	-0.228181	-0.393495	41.799251	0.064244	2.796285	2.165112	0.147169	3.6	1.7	11.5
483	-0.234310	-0.234310	-0.416507	40.894628	0.065183	1.714629	1.844756	0.102656	3.4	1.8	11.3
484	-0.214174	-0.214174	-0.385640	39.989512	0.066151	4.272162	1.716115	0.167559	3.3	1.7	11.3
485	-0.218233	-0.218233	-0.371520	39.084466	0.067147	2.490665	1.981930	0.161197	23.6	2.3	32.4
486	-0.237092	-0.237092	-0.387083	38.179346	0.068174	2.874986	2.071471	0.170359	3.4	1.7	13.0
487	-0.226047	-0.226047	-0.365137	39.179346	0.067041	3.442242	3.065437	0.144743	11.6	2.3	19.6
488	-0.217394	-0.217394	-0.385995	38.274226	0.068065	3.791030	2.361655	0.141439	2.9	1.5	10.1
489	-0.235539	-0.235539	-0.409346	39.122645	0.067104	1.964511	1.019498	0.124949	3.0	1.7	10.6
490	-0.217265	-0.217265	-0.385988	40.119755	0.066010	4.262999	1.093557	0.194630	18.0	1.9	25.5
491	-0.225231	-0.225231	-0.376217	41.119754	0.064947	2.958346	2.356113	0.127143	3.1	1.4	12.3
492	-0.227238	-0.227238	-0.397720	40.214643	0.065907	3.165202	2.578907	0.182410	2.7	1.4	9.7
493	-0.215979	-0.215979	-0.370629	41.214643	0.064848	2.068511	2.328124	0.079886	7.0	1.8	14.9
494	-0.233709	-0.233709	-0.406746	42.206204	0.063831	4.454284	2.186154	0.186188	3.3	1.4	10.9
495	-0.224583	-0.224583	-0.395469	41.301088	0.064758	3.263663	2.631598	0.145234	3.1	8.2	18.9
496	-0.211682	-0.211682	-0.375135	40.395968	0.065713	1.581855	2.039401	0.070908	3.2	1.8	10.4
497	-0.231190	-0.231190	-0.393484	39.875155	0.066275	2.962439	2.100414	0.158838	6.8	1.5	13.9
498	-0.232099	-0.232099	-0.389239	38.970570	0.067275	2.170684	2.081473	0.116084	2.4	1.6	9.8
499	-0.228380	-0.228380	-0.396946	38.223044	0.068124	2.659969	2.366360	0.133904	3.0	1.7	10.4
500	-0.221792	-0.221792	-0.379912	37.317924	0.069181	2.299359	2.554725	0.104302	7.5	2.0	15.3
501	-0.228104	-0.228104	-0.380517	38.317486	0.068015	2.469345	1.683792	0.130092	3.6	2.1	10.2
502	-0.217361	-0.217361	-0.379461	39.317486	0.066888	1.917994	1.827410	0.137295	3.0	7.5	16.5
503	-0.231627	-0.231627	-0.389475	40.317485	0.065797	2.801597	2.087610	0.143890	3.7	1.9	13.6
504	-0.218323	-0.218323	-0.370425	39.412365	0.066783	3.030704	2.518280	0.172481	2.8	1.8	10.3
505	-0.215559	-0.215559	-0.379084	40.412345	0.065695	4.917416	1.614206	0.204878	6.9	1.7	14.3
506	-0.228516	-0.228516	-0.366072	39.507225	0.066678	2.242237	1.737714	0.109346	3.3	2.5	10.3
507	-0.229222	-0.229222	-0.393470	38.602105	0.067691	1.972947	2.883619	0.107015	7.0	1.6	14.9
508	-0.215223	-0.215223	-0.374254	39.602104	0.066574	3.870246	2.715787	0.167068	3.1	1.6	12.3
509	-0.222151	-0.222151	-0.387212	40.581151	0.065515	1.747268	2.040626	0.114665	9.2	1.8	17.2
510	-0.226860	-0.226860	-0.378721	39.676148	0.066492	3.326755	1.920672	0.135175	3.0	1.8	10.6
511	-0.220315	-0.220315	-0.380965	38.771045	0.067499	1.924399	2.978786	0.123384	2.7	1.9	10.6
512	-0.211665	-0.211665	-0.385764	39.170197	0.067051	2.384810	1.415300	0.142113	7.9	1.8	15.6
513	-0.211362	-0.211362	-0.379455	38.265079	0.068075	2.879059	1.788129	0.129198	3.4	1.7	8.9
514	-0.224196	-0.224196	-0.373061	39.244883	0.066968	4.265981	1.507769	0.226867	2.8	1.6	12.1
515	-0.225998	-0.225998	-0.380674	38.339763	0.067990	2.726287	1.717907	0.124874	9.2	2.2	17.5
516	-0.220586	-0.220586	-0.388755	39.331272	0.066872	2.351946	1.827651	0.094636	2.7	1.8	8.4
517	-0.215908	-0.215908	-0.375063	40.331272	0.065782	2.520621	2.093180	0.134350	8.7	1.9	17.6
518	-0.230137	-0.230137	-0.383265	41.331270	0.064727	1.634077	1.612634	0.131547	3.1	2.1	10.7
519	-0.215229	-0.215229	-0.366205	42.331251	0.063705	1.819065	2.134697	0.080215	7.7	1.9	15.4
520	-0.238947	-0.238947	-0.390538	43.330799	0.062715	2.497154	3.324048	0.102220	3.9	1.7	11.2
521	-0.220175	-0.220175	-0.392750	44.125834	0.061949	3.502229	3.057452	0.143541	3.1	6.6	15.5
522	-0.223121	-0.223121	-0.364205	43.226862	0.062816	2.697100	2.477129	0.122874	3.0	1.8	10.4
523	-0.222481	-0.222481	-0.380829	42.325574	0.063710	2.792007	2.440844	0.108907	3.3	1.7	10.8
524	-0.221066	-0.221066	-0.388007	42.577185	0.063458	2.002953	1.789073	0.107553	7.3	1.9	15.1
525	-0.225760	-0.225760	-0.409111	43.577171	0.062476	2.771383	2.563258	0.127228	3.4	1.7	10.8
526	-0.225892	-0.225892	-0.392933	44.577171	0.061523	2.125645	2.552945	0.113271	6.3	1.6	15.2
527	-0.230492	-0.230492	-0.393338	43.681757	0.062375	2.919015	2.017025	0.145445	7.3	1.7	14.5
528	-0.228597	-0.228597	-0.391312	42.798188	0.063238	3.477847	3.383602	0.147450	9.7	1.6	17.4
529	-0.219040	-0.219040	-0.392392	41.893068	0.064149	2.654189	1.453438	0.103046	5.3	1.5	12.6
530	-0.227527	-0.227527	-0.386668	42.893068	0.063145	2.396350	2.232260	0.123107	8.8	2.4	18.1
531	-0.224601	-0.224601	-0.381636	43.880755	0.062183	2.532083	1.716316	0.133359	4.7	1.6	14.5
532	-0.213641	-0.213641	-0.387865	42.975634	0.063063	1.861912	2.199104	0.107471	5.1	1.5	14.0
533	-0.234689	-0.234689	-0.399871	43.973988	0.062094	2.779147	3.338070	0.114736	4.5	1.8	12.0
534	-0.224576	-0.224576	-0.388607	43.079209	0.062961	1.981046	1.223066	0.085185	9.5	1.7	16.8
535	-0.230068	-0.230068	-0.393806	42.256354	0.063780	3.084711	2.077802	0.119886	4.2	1.9	11.5
536	-0.229891	-0.229891	-0.393265	43.254219	0.062790	2.526532	1.747156	0.156752	4.1	1.8	10.4
537	-0.224422	-0.224422	-0.367953	42.349162	0.063687	2.992216	2.628373	0.144796	7.9	1.7	15.3
538	-0.219186	-0.219186	-0.395378	43.309246	0.062736	2.442980	1.520552	0.108635	4.0	1.7	9.4
539	-0.218918	-0.218918	-0.371921	44.309246	0.061775	2.401925	2.004236	0.114290	4.6	7.0	17.4
540	-0.219270	-0.219270	-0.387286	45.309233	0.060844	2.499159	1.380735	0.130725	4.3	2.1	12.4
541	-0.220214	-0.220214	-0.377882	46.309231	0.059940	3.186525	3.100870	0.139498	7.1	1.9	16.0
542	-0.226909	-0.226909	-0.403578	45.404143	0.060757	2.374730	3.194999	0.131810	5.2	1.6	12.2
543	-0.229381	-0.229381	-0.414292	44.499157	0.061596	1.238840	1.481731	0.106267	10.4	1.9	17.8
544	-0.219985	-0.219985	-0.395693	43.594036	0.062459	1.910087	2.732319	0.110004	3.9	1.4	10.9
545	-0.221643	-0.221643	-0.395363	44.561788	0.061537	1.812871	2.178982	0.111562	5.8	8.9	21.3
546	-0.219240	-0.219240	-0.370792	45.561784	0.060613	2.519264	2.115602	0.121443	6.8	1.4	20.2
547	-0.219474	-0.219474	-0.395146	44.667255	0.061438	2.432765	2.348885	0.094427	5.9	1.9	22.8
548	-0.238956	-0.238956	-0.412860	43.774780	0.062285	2.663864	2.062168	0.170419	15.9	7.0	30.7
549	-0.209939	-0.209939	-0.374476	44.747263	0.061364	2.657145	3.658462	0.116145	4.0	1.6	14.6
550	-0.214247	-0.214247	-0.377405	43.842143	0.062220	2.167293	2.302675	0.086328	5.0	1.9	14.7
551	-0.227613	-0.227613	-0.414057	43.547422	0.062504	4.236727	2.643584	0.175417	15.7	1.9	24.1
552	-0.217668	-0.217668	-0.377244	44.546957	0.061551	3.267949	1.980282	0.154411	6.3	1.6	13.2
553	-0.220408	-0.220408	-0.394048	43.641837	0.062413	2.024716	1.513243	0.105720	11.6	1.5	18.7
554	-0.227124	-0.227124	-0.400698	43.896625	0.062168	2.894253	2.040029	0.136969	3.5	1.5	11.8
555	-0.213438	-0.213438	-0.360472	42.991919	0.063047	3.451141	2.077293	0.164076	7.8	1.9	17.9
556	-0.226436	-0.226436	-0.393691	43.991690	0.062077	2.217792	1.698820	0.110885	3.7	1.6	12.8
557	-0.207749	-0.207749	-0.381325	44.988522	0.061139	2.064645	1.644066	0.125023	9.9	2.4	17.4
558	-0.226032	-0.226032	-0.378227	45.988522	0.060227	2.881871	2.209168	0.122508	3.7	1.5	11.2
559	-0.215798	-0.215798	-0.373077	45.083404	0.061052	3.152756	2.562867	0.168000	3.3	7.2	15.8
560	-0.228152	-0.228152	-0.388356	45.753462	0.060439	3.605506	2.962542	0.178933	3.8	1.5	10.8
561	-0.223723	-0.223723	-0.394927	44.848342	0.061270	3.806014	1.547672	0.155516	8.2	1.7	15.5
562	-0.216338	-0.216338	-0.408720	45.848342	0.060353	2.290893	1.876492	0.123526	3.4	1.6	10.5
563	-0.245225	-0.245225	-0.396630	46.848342	0.059463	1.595766	2.320391	0.074492	6.8	1.6	14.3
564	-0.218107	-0.218107	-0.388074	47.848295	0.058600	3.915366	2.852809	0.185210	3.2	1.5	12.6
565	-0.218510	-0.218510	-0.391362	48.579368	0.057984	2.645226	2.563496	0.116468	11.7	1.7	18.6
566	-0.216730	-0.216730	-0.368999	47.674248	0.058748	3.133709	2.646613	0.127154	9.3	1.6	15.9
567	-0.227771	-0.227771	-0.412376	46.781965	0.059522	2.937273	1.754562	0.142601	3.2	1.5	10.7
568	-0.203884	-0.203884	-0.341643	47.781965	0.058656	1.782946	1.565249	0.082596	8.7	2.1	16.5
569	-0.226947	-0.226947	-0.364533	48.294228	0.058223	1.580040	2.107842	0.065608	3.2	1.8	10.8
570	-0.231806	-0.231806	-0.402517	49.092137	0.057560	2.072706	2.250634	0.102014	8.6	1.5	15.5
571	-0.218250	-0.218250	-0.380179	50.031157	0.056799	2.569267	3.388553	0.111506	2.8	1.7	8.7
572	-0.246354	-0.246354	-0.385117	51.023547	0.056016	2.202096	1.610865	0.123507	3.2	1.9	10.6
573	-0.225314	-0.225314	-0.397017	51.940911	0.055312	2.506159	1.863211	0.132257	7.7	1.6	14.9
574	-0.222395	-0.222395	-0.396581	52.940433	0.054564	2.033844	1.699524	0.106870	2.8	2.4	9.5
575	-0.217185	-0.217185	-0.354434	52.242531	0.055084	2.875696	2.195743	0.116386	3.1	2.0	17.6
576	-0.220563	-0.220563	-0.391419	51.337416	0.055773	2.404380	2.629937	0.100928	3.1	1.5	12.5
577	-0.224235	-0.224235	-0.379350	50.432296	0.056480	2.125461	3.054564	0.102377	3.2	1.7	10.4
578	-0.226054	-0.226054	-0.406227	51.419768	0.055710	2.536783	2.790403	0.120932	6.5	2.0	13.0
579	-0.218262	-0.218262	-0.392678	50.514648	0.056415	1.202507	2.344041	0.071578	2.9	1.6	9.8
580	-0.230603	-0.230603	-0.421198	49.642678	0.057111	3.142981	1.511623	0.125485	9.7	1.9	19.3
581	-0.225293	-0.225293	-0.390885	50.639961	0.056316	3.939422	2.039675	0.177613	2.7	2.3	10.6
582	-0.229129	-0.229129	-0.401495	50.754248	0.056227	1.712702	2.075925	0.112645	9.3	1.9	16.7
583	-0.208091	-0.208091	-0.371644	51.373380	0.055746	4.583013	1.951029	0.198414	3.0	1.6	9.7
584	-0.222037	-0.222037	-0.399393	50.468260	0.056452	2.048995	2.800166	0.084580	3.0	1.7	9.3
585	-0.215989	-0.215989	-0.389872	51.468260	0.055673	1.799089	1.649526	0.078209	3.9	1.8	11.4
586	-0.232556	-0.232556	-0.403103	52.435652	0.054939	1.664990	1.335935	0.125688	10.7	1.7	20.9
587	-0.228838	-0.228838	-0.393462	51.544093	0.055614	1.887921	0.998154	0.125491	4.7	2.1	15.9
588	-0.214781	-0.214781	-0.362993	50.638974	0.056317	2.575731	1.912127	0.112494	3.9	1.8	11.6
589	-0.215122	-0.215122	-0.384335	49.743590	0.057030	2.675560	2.208630	0.128126	9.2	2.2	19.0
590	-0.221281	-0.221281	-0.385599	50.712647	0.056259	2.994356	2.445268	0.132404	2.9	1.6	10.2
591	-0.208828	-0.208828	-0.383400	49.807527	0.056978	3.713462	1.782484	0.167945	7.3	1.6	14.6
592	-0.213946	-0.213946	-0.364638	48.902407	0.057716	2.615611	1.963342	0.112047	3.2	1.5	9.2
593	-0.210551	-0.210551	-0.371732	47.997286	0.058473	2.339482	1.679365	0.091768	6.0	1.6	13.2
594	-0.225681	-0.225681	-0.388466	47.155233	0.059196	3.204998	2.681083	0.160809	3.5	1.4	10.5
595	-0.224635	-0.224635	-0.363106	46.250113	0.059992	3.818286	1.689102	0.154420	9.2	1.7	19.0
596	-0.208488	-0.208488	-0.368616	47.250113	0.059113	1.587895	2.359205	0.068530	3.1	1.5	10.3
597	-0.219478	-0.219478	-0.376587	48.249672	0.058260	2.156427	1.569063	0.093741	3.6	6.6	15.8
598	-0.220217	-0.220217	-0.374656	47.618422	0.058796	2.207602	2.031751	0.108771	3.5	1.8	10.6
599	-0.228737	-0.228737	-0.411333	46.984764	0.059344	3.975999	1.803877	0.191670	3.1	1.7	11.5
600	-0.229071	-0.229071	-0.404281	47.142422	0.059207	3.342536	2.303388	0.134951	6.1	1.6	13.3
601	-0.231213	-0.231213	-0.392939	48.103984	0.058383	1.849588	1.360236	0.074044	2.8	1.5	9.6
602	-0.235125	-0.235125	-0.402965	47.233182	0.059128	2.980577	3.504838	0.124813	2.8	1.6	8.7
603	-0.221917	-0.221917	-0.358945	47.317157	0.059055	3.406170	2.940675	0.140944	12.4	1.8	19.5
604	-0.232639	-0.232639	-0.382457	48.261748	0.058250	2.749279	1.859376	0.183777	8.9	1.7	18.8
605	-0.208361	-0.208361	-0.385802	49.261748	0.057421	2.365161	1.703576	0.107476	2.8	1.6	10.3
606	-0.212326	-0.212326	-0.394154	48.356720	0.058170	0.856274	2.524664	0.053658	3.3	1.5	12.6
607	-0.223174	-0.223174	-0.361160	47.474926	0.058919	2.756304	2.012129	0.114343	4.3	2.1	12.3
608	-0.231007	-0.231007	-0.392405	46.663388	0.059626	3.429133	3.521774	0.184304	3.0	1.7	8.5
609	-0.221290	-0.221290	-0.382170	47.652983	0.058767	3.322598	1.631998	0.141035	3.1	7.9	14.8
610	-0.217673	-0.217673	-0.385331	46.747863	0.059552	2.645847	3.285063	0.100325	3.5	1.9	13.9
611	-0.227588	-0.227588	-0.378806	47.747863	0.058685	2.366804	1.932108	0.119853	2.8	1.7	10.7
612	-0.220515	-0.220515	-0.394669	48.747712	0.057844	2.804150	1.477237	0.141505	8.2	1.4	15.7
613	-0.223713	-0.223713	-0.396277	49.747712	0.057027	4.601965	1.929762	0.177363	3.3	1.6	11.1
614	-0.206091	-0.206091	-0.369486	48.842591	0.057766	3.411413	1.757004	0.175030	3.2	2.0	11.0
615	-0.218500	-0.218500	-0.387257	49.842591	0.056950	2.521995	2.406942	0.157652	7.4	2.0	15.6
616	-0.225985	-0.225985	-0.393452	48.937473	0.057687	3.043831	1.193020	0.134046	3.0	1.6	8.8
617	-0.205690	-0.205690	-0.365359	49.937473	0.056874	2.922036	3.340923	0.122130	3.2	7.5	16.8
618	-0.222087	-0.222087	-0.398973	49.422695	0.057290	1.857802	2.266541	0.147755	3.0	1.5	10.6
619	-0.210572	-0.210572	-0.377633	48.532282	0.058023	3.024484	1.896918	0.125548	5.9	4.6	16.6
620	-0.216179	-0.216179	-0.379637	47.745507	0.058687	2.181925	3.109619	0.141658	3.5	1.5	11.7
621	-0.210641	-0.210641	-0.385890	48.240987	0.058267	2.113651	3.132459	0.111666	4.0	9.1	21.2
622	-0.225513	-0.225513	-0.379867	49.240987	0.057438	3.133739	1.986204	0.156573	5.2	1.7	12.3
623	-0.221174	-0.221174	-0.378780	48.335867	0.058188	2.723142	2.248570	0.108161	11.2	2.6	19.4
624	-0.217526	-0.217526	-0.395999	47.546528	0.058858	2.399689	1.766600	0.137588	3.4	1.9	13.5
625	-0.213139	-0.213139	-0.377162	47.083023	0.059258	3.452521	1.732176	0.165261	13.8	1.8	22.1
626	-0.216786	-0.216786	-0.382616	47.375970	0.059005	1.914602	1.807858	0.097487	3.8	1.8	11.4
627	-0.219214	-0.219214	-0.379152	48.375970	0.058154	2.045260	3.546002	0.097649	3.7	1.8	11.8
628	-0.228006	-0.228006	-0.399101	47.475980	0.058918	1.403548	2.003201	0.093566	10.0	1.7	17.7
629	-0.216600	-0.216600	-0.383463	48.470850	0.058075	2.375644	1.452195	0.103321	6.9	2.6	16.3
630	-0.221581	-0.221581	-0.366879	47.939535	0.058522	3.215196	2.442348	0.150526	3.6	2.0	11.8
631	-0.200636	-0.200636	-0.372804	48.877108	0.057737	4.263196	2.477901	0.181220	15.2	1.8	22.7
632	-0.230187	-0.230187	-0.404068	47.971993	0.058495	3.532318	1.963246	0.166018	11.3	1.9	18.9
633	-0.214436	-0.214436	-0.376191	48.925502	0.057697	4.917490	2.663543	0.212739	2.9	2.0	10.5
634	-0.230501	-0.230501	-0.412021	48.020381	0.058454	2.907146	1.722026	0.116924	3.7	2.0	20.8
635	-0.218836	-0.218836	-0.378998	47.115261	0.059230	2.276366	1.604832	0.156155	3.6	1.8	11.1
636	-0.223917	-0.223917	-0.391504	46.808638	0.059498	4.060899	1.949847	0.173455	3.5	1.8	13.7
637	-0.218683	-0.218683	-0.374108	45.903517	0.060303	3.086252	2.177834	0.139475	12.7	1.8	24.7
638	-0.235379	-0.235379	-0.406137	44.998397	0.061130	2.823812	1.904757	0.119144	3.3	1.6	10.6
639	-0.228725	-0.228725	-0.390221	44.351033	0.061736	1.724663	2.199551	0.147010	4.1	2.1	11.8
640	-0.218195	-0.218195	-0.397804	43.491119	0.062559	2.848938	2.368527	0.120497	13.0	2.6	21.4
641	-0.212915	-0.212915	-0.389427	42.586456	0.063449	2.962023	2.525192	0.131436	3.3	1.9	12.3
642	-0.215161	-0.215161	-0.394042	43.584807	0.062468	2.049470	3.137865	0.092854	3.7	1.9	11.2
643	-0.218848	-0.218848	-0.400800	44.584485	0.061516	2.910835	2.193509	0.147856	12.4	2.0	21.7
644	-0.214630	-0.214630	-0.382762	43.679561	0.062377	2.670183	1.649129	0.125938	3.0	1.5	10.8
645	-0.220691	-0.220691	-0.409478	42.774441	0.063262	2.330193	2.660618	0.129768	3.1	1.9	10.9
646	-0.217566	-0.217566	-0.374637	41.869320	0.064173	2.989281	2.239517	0.135809	14.5	2.3	22.2
647	-0.216008	-0.216008	-0.375700	40.964205	0.065110	2.101653	2.198774	0.111359	3.5	1.6	10.7
648	-0.235101	-0.235101	-0.413090	41.577013	0.064472	3.816069	2.636049	0.216901	3.3	5.7	21.0
649	-0.222268	-0.222268	-0.389825	40.674361	0.065416	2.813214	2.602598	0.120254	3.2	1.7	10.7
650	-0.229105	-0.229105	-0.399565	41.674361	0.064372	1.951907	1.680023	0.084936	10.0	1.9	17.7
651	-0.228732	-0.228732	-0.389490	40.769532	0.065315	2.132984	2.821891	0.088302	3.0	1.6	10.4
652	-0.219251	-0.219251	-0.387899	41.533502	0.064517	2.397510	2.271998	0.092207	11.4	4.7	27.8
653	-0.212649	-0.212649	-0.375749	40.628898	0.065464	3.431222	2.107001	0.135258	3.6	2.2	11.4
654	-0.222407	-0.222407	-0.382433	39.752727	0.066408	2.288374	3.000764	0.102349	3.3	1.9	11.0
655	-0.212887	-0.212887	-0.401146	38.849946	0.067410	2.717486	2.364299	0.103240	10.4	10.2	27.3
656	-0.231298	-0.231298	-0.381410	37.944826	0.068445	1.825704	1.305551	0.082356	2.8	1.5	9.3
657	-0.225306	-0.225306	-0.401295	38.792160	0.067475	1.680191	2.853055	0.084018	2.8	1.7	8.3
658	-0.214499	-0.214499	-0.385614	39.434136	0.066759	2.795721	2.267011	0.120830	8.6	1.4	15.5
659	-0.223010	-0.223010	-0.376035	38.529502	0.067773	2.676124	1.592731	0.114439	2.7	1.7	9.9
660	-0.221958	-0.221958	-0.396173	39.529498	0.066653	1.754317	1.688735	0.100158	7.1	1.4	13.1
661	-0.222945	-0.222945	-0.384839	38.624397	0.067665	3.722726	1.913905	0.142714	2.6	1.5	8.7
662	-0.219861	-0.219861	-0.371872	37.758078	0.068663	1.602525	1.665380	0.080146	2.7	1.8	9.5
663	-0.215496	-0.215496	-0.352318	36.858424	0.069730	2.873918	2.769213	0.162754	7.4	1.6	14.6
664	-0.228279	-0.228279	-0.390992	37.858384	0.068546	1.777345	2.502139	0.100071	3.6	1.7	10.6
665	-0.220899	-0.220899	-0.393382	36.953264	0.069616	1.941420	1.775656	0.091218	3.4	2.1	15.7
666	-0.227560	-0.227560	-0.379598	36.282145	0.070432	2.914172	1.410958	0.114162	2.9	1.8	12.0
667	-0.233434	-0.233434	-0.403674	37.277747	0.069229	2.904859	2.708992	0.159173	8.3	1.7	17.4
668	-0.223171	-0.223171	-0.384416	36.372630	0.070321	2.385564	2.251328	0.118512	3.6	1.7	11.1
669	-0.221742	-0.221742	-0.396853	37.328976	0.069168	2.551243	2.739200	0.134954	3.1	1.6	10.3
670	-0.221812	-0.221812	-0.391255	36.425376	0.070256	1.872317	2.186260	0.096441	6.8	1.5	15.7
671	-0.227364	-0.227364	-0.398810	35.523382	0.071377	3.470283	2.119417	0.172618	3.2	1.7	10.5
672	-0.237319	-0.237319	-0.393781	36.289590	0.070423	3.136111	1.953201	0.144804	3.8	5.6	15.6
673	-0.220170	-0.220170	-0.362986	36.581002	0.070066	3.590472	2.732226	0.160290	3.0	1.4	10.5
674	-0.214487	-0.214487	-0.379629	35.675881	0.071185	1.804141	2.117105	0.088972	3.1	1.8	12.1
675	-0.220474	-0.220474	-0.383440	36.238995	0.070485	2.111828	3.223730	0.122192	7.3	1.5	13.6
676	-0.224180	-0.224180	-0.383972	37.238173	0.069276	2.725016	2.642351	0.125552	2.9	1.5	9.7
677	-0.214409	-0.214409	-0.375109	38.238173	0.068106	1.281189	1.879474	0.108756	7.0	1.8	13.9
678	-0.211938	-0.211938	-0.382853	39.238173	0.066976	3.031040	2.494294	0.119044	3.0	1.6	10.4
679	-0.218257	-0.218257	-0.392309	40.238148	0.065882	2.643018	1.582325	0.124759	3.1	1.7	8.9
680	-0.221032	-0.221032	-0.371971	39.333030	0.066870	2.212888	1.449023	0.118368	7.4	1.7	14.2
681	-0.238906	-0.238906	-0.382214	38.437007	0.067879	2.287263	2.213930	0.101715	3.0	2.3	10.9
682	-0.231293	-0.231293	-0.376577	37.531926	0.068928	1.693086	2.358561	0.110960	2.9	1.8	10.4
683	-0.218545	-0.218545	-0.380299	36.626807	0.070011	1.792120	2.281448	0.164400	3.1	1.6	18.3
684	-0.228378	-0.228378	-0.393049	35.721730	0.071128	2.290787	2.670173	0.112656	2.9	1.6	11.7
685	-0.210756	-0.210756	-0.375453	34.828196	0.072266	3.340295	1.753015	0.151654	3.3	1.8	11.2
686	-0.224196	-0.224196	-0.394280	35.812527	0.071014	1.936179	1.706309	0.101505	17.3	1.6	24.8
687	-0.222182	-0.222182	-0.387521	35.146049	0.071857	3.425566	1.582203	0.138051	3.0	1.6	10.8
688	-0.228978	-0.228978	-0.395334	36.145977	0.070600	2.082885	2.209472	0.112673	9.5	1.6	16.9
689	-0.215470	-0.215470	-0.396639	37.145975	0.069386	2.854884	1.866804	0.132714	2.8	1.6	8.3
690	-0.222665	-0.222665	-0.398805	38.145975	0.068213	2.559551	1.600184	0.116468	3.0	1.8	10.0
691	-0.239997	-0.239997	-0.405543	37.399074	0.069085	2.172770	1.488784	0.127070	6.7	1.6	14.3
692	-0.212440	-0.212440	-0.376601	36.503732	0.070161	2.143459	2.462795	0.144870	3.0	1.8	9.0
693	-0.221795	-0.221795	-0.384747	35.598612	0.071283	2.814339	1.959280	0.145183	3.4	1.8	10.0
694	-0.218093	-0.218093	-0.372568	36.598612	0.070045	4.472838	2.085432	0.200680	8.0	1.7	14.1
695	-0.213568	-0.213568	-0.376228	37.598612	0.068850	2.750230	2.588862	0.145237	3.6	2.2	9.6
696	-0.227913	-0.227913	-0.376813	38.598612	0.067694	3.143694	1.250605	0.131498	2.8	2.0	9.8
697	-0.236165	-0.236165	-0.383207	37.693530	0.068738	3.411038	2.602206	0.143341	6.8	1.4	14.2
698	-0.225802	-0.225802	-0.375382	38.693530	0.067587	1.519947	3.492006	0.074436	3.9	1.8	11.2
699	-0.209667	-0.209667	-0.369963	37.788410	0.068627	3.236572	2.284391	0.132991	3.1	1.6	10.5
700	-0.227269	-0.227269	-0.386299	37.029293	0.069525	3.320826	2.338768	0.142544	7.8	1.6	17.1
701	-0.221906	-0.221906	-0.386297	36.124173	0.070627	2.957731	2.231178	0.151196	3.1	1.7	10.6
702	-0.210807	-0.210807	-0.355151	36.493071	0.070174	3.653393	2.239130	0.181159	7.9	2.1	14.6
703	-0.234616	-0.234616	-0.382557	37.492868	0.068974	1.619949	1.889525	0.078989	3.1	2.0	10.6
704	-0.227173	-0.227173	-0.374877	38.491764	0.067816	2.602185	2.262602	0.115977	2.8	1.6	8.3
705	-0.221743	-0.221743	-0.378855	38.088549	0.068279	2.297916	1.911031	0.113485	9.7	1.6	17.2
706	-0.229130	-0.229130	-0.379011	37.183429	0.069341	1.909247	2.621582	0.094075	3.1	1.8	12.9
707	-0.224005	-0.224005	-0.389000	36.281025	0.070433	3.690874	2.373902	0.140241	5.0	1.7	12.0
708	-0.222834	-0.222834	-0.392686	37.281025	0.069225	2.431127	2.191117	0.125013	2.8	1.8	9.2
709	-0.229404	-0.229404	-0.366259	38.280963	0.068057	2.905989	2.439931	0.136026	3.2	1.6	8.9
710	-0.228130	-0.228130	-0.384323	38.462074	0.067850	2.568397	2.312112	0.173842	6.9	1.8	13.7
711	-0.212639	-0.212639	-0.387337	37.556954	0.068899	1.684065	2.747519	0.078980	3.2	1.6	8.7
712	-0.204778	-0.204778	-0.379538	36.651845	0.069980	2.134112	2.408956	0.121614	3.2	1.6	10.3
713	-0.215304	-0.215304	-0.381573	35.746887	0.071096	2.389015	0.981580	0.101801	7.1	1.7	14.4
714	-0.221756	-0.221756	-0.378241	35.742374	0.071102	3.654737	1.462156	0.155939	6.3	7.9	20.1
715	-0.218741	-0.218741	-0.405788	34.837303	0.072255	2.993541	1.535140	0.139842	3.2	1.5	10.5
716	-0.218523	-0.218523	-0.391573	35.837303	0.070983	3.623775	2.523200	0.148844	4.5	5.8	17.1
717	-0.209024	-0.209024	-0.386581	34.932183	0.072132	3.240819	2.325145	0.150986	2.9	1.8	10.4
718	-0.206510	-0.206510	-0.380010	34.027062	0.073318	2.617240	1.800000	0.121727	3.0	1.8	17.0
719	-0.217986	-0.217986	-0.391882	35.027062	0.072010	2.629616	2.567540	0.143303	2.6	1.6	9.8
720	-0.226382	-0.226382	-0.371120	36.027062	0.070747	3.034670	2.221972	0.126531	3.0	2.5	11.0
721	-0.205722	-0.205722	-0.387287	37.012008	0.069546	1.222824	2.459822	0.071793	9.7	1.7	19.0
722	-0.213405	-0.213405	-0.366485	36.111955	0.070642	1.720911	2.028467	0.079625	2.9	1.6	12.3
723	-0.231021	-0.231021	-0.383355	37.035473	0.069518	2.474591	1.740976	0.144371	5.8	1.6	13.0
724	-0.239797	-0.239797	-0.408589	38.035301	0.068340	2.841898	1.765634	0.126291	2.9	1.9	9.6
725	-0.233703	-0.233703	-0.395941	37.130180	0.069405	3.806947	1.144623	0.183470	8.3	2.3	17.9
726	-0.228058	-0.228058	-0.384170	36.225060	0.070502	2.013482	2.102910	0.098452	3.1	1.7	9.4
727	-0.220274	-0.220274	-0.378824	37.225058	0.069291	2.315174	2.289178	0.104040	7.5	1.6	14.3
728	-0.217510	-0.217510	-0.375648	36.319938	0.070386	3.131552	2.205728	0.137203	2.8	1.7	9.8
729	-0.224567	-0.224567	-0.402118	37.319860	0.069179	3.218601	2.201118	0.129862	3.1	1.8	9.0
730	-0.234601	-0.234601	-0.379883	37.997549	0.068384	3.309565	2.630955	0.158619	8.1	2.0	15.9
731	-0.221743	-0.221743	-0.382789	37.146617	0.069385	3.473971	2.854522	0.153440	3.4	1.7	11.5
732	-0.235788	-0.235788	-0.403289	36.241497	0.070482	2.674663	1.430916	0.115559	2.7	1.4	9.8
733	-0.215654	-0.215654	-0.399343	37.241470	0.069272	2.062672	1.334288	0.105662	11.4	1.9	20.5
734	-0.219111	-0.219111	-0.385311	36.341207	0.070359	2.842383	3.080097	0.115530	8.3	1.7	16.1
735	-0.215874	-0.215874	-0.375082	35.496276	0.071412	2.751489	2.940994	0.114953	3.2	1.7	10.0
736	-0.221175	-0.221175	-0.417303	36.346638	0.070353	2.281222	2.572585	0.117759	2.9	6.9	15.1
737	-0.219857	-0.219857	-0.373688	37.346636	0.069147	2.811286	3.787626	0.110450	2.9	1.7	12.3
738	-0.217883	-0.217883	-0.369634	36.443545	0.070234	1.975186	2.674665	0.104284	2.6	1.6	9.7
739	-0.211104	-0.211104	-0.363132	35.538630	0.071358	2.484427	3.221226	0.139180	9.4	1.9	17.0
740	-0.229709	-0.229709	-0.390761	36.384515	0.070306	1.856972	2.314924	0.098073	2.6	1.8	9.7
741	-0.222587	-0.222587	-0.394214	35.480134	0.071432	1.643695	2.837392	0.088899	7.0	1.7	14.7
742	-0.231638	-0.231638	-0.385721	36.446328	0.070231	3.849445	3.642751	0.159040	2.8	1.6	8.2
743	-0.230711	-0.230711	-0.390745	35.541211	0.071355	2.168855	1.562889	0.098995	3.0	2.1	14.9
744	-0.228771	-0.228771	-0.370442	34.699770	0.072433	2.188883	3.093733	0.096009	3.0	1.5	12.3
745	-0.225647	-0.225647	-0.377305	35.572809	0.071315	3.498318	2.719221	0.141978	3.0	6.4	15.2
746	-0.245630	-0.245630	-0.387871	36.267204	0.070450	2.098103	1.351436	0.135407	2.8	1.6	8.6
747	-0.221099	-0.221099	-0.386861	37.267204	0.069241	2.585198	0.925837	0.154253	2.8	1.5	8.1
748	-0.236382	-0.236382	-0.410094	38.267204	0.068073	3.089243	1.777934	0.152208	2.9	5.7	15.9
749	-0.224631	-0.224631	-0.402286	37.362467	0.069128	2.913454	1.823951	0.129240	2.9	1.6	11.4
750	-0.234823	-0.234823	-0.393578	36.457347	0.070217	3.271596	2.422055	0.136674	3.4	2.0	11.1
751	-0.235142	-0.235142	-0.408303	35.724330	0.071125	2.181768	1.866449	0.092647	7.2	1.6	13.5
752	-0.218568	-0.218568	-0.367485	34.819210	0.072278	3.092198	3.121549	0.137442	2.6	1.6	9.0
753	-0.235312	-0.235312	-0.367673	35.819210	0.071006	2.052491	1.591206	0.096899	3.2	1.9	9.8
754	-0.237940	-0.237940	-0.411929	36.816346	0.069781	3.597594	2.508391	0.136634	8.3	1.6	15.4
755	-0.226066	-0.226066	-0.378677	37.814870	0.068597	4.073561	2.670648	0.157921	3.0	1.6	9.8
756	-0.210193	-0.210193	-0.376613	36.909750	0.069669	2.145847	2.968704	0.119055	6.9	1.6	13.9
757	-0.220850	-0.220850	-0.401139	36.844147	0.069748	1.824809	2.003752	0.100793	3.0	1.7	10.2
758	-0.232139	-0.232139	-0.407607	37.840879	0.068566	3.673129	2.148484	0.164910	2.8	1.6	17.3
759	-0.221233	-0.221233	-0.364570	38.840879	0.067420	2.349349	1.688400	0.111639	2.7	1.5	8.4
760	-0.223786	-0.223786	-0.373736	39.840744	0.066312	3.225009	2.443410	0.155676	2.9	1.8	9.5
761	-0.224334	-0.224334	-0.383875	38.935645	0.067314	1.661986	1.887044	0.112096	3.0	7.1	17.7
762	-0.208485	-0.208485	-0.359783	39.928842	0.066217	2.371418	2.559009	0.108037	3.0	1.7	10.2
763	-0.221110	-0.221110	-0.375469	39.023722	0.067215	2.112284	2.275819	0.116807	3.1	2.2	10.1
764	-0.224965	-0.224965	-0.393529	38.118602	0.068244	2.411539	1.614242	0.150526	9.3	2.0	16.7
765	-0.217174	-0.217174	-0.373479	37.213499	0.069305	2.365236	2.510791	0.094481	2.9	1.5	9.5
766	-0.225809	-0.225809	-0.389081	36.308465	0.070400	2.759512	2.505391	0.135632	2.3	1.7	9.5
767	-0.235597	-0.235597	-0.394505	35.403452	0.071529	3.036792	2.518086	0.119565	6.9	1.5	14.2
768	-0.231258	-0.231258	-0.381729	36.403452	0.070283	1.532571	2.008210	0.065184	2.8	1.8	10.0
769	-0.213276	-0.213276	-0.378728	37.397915	0.069086	3.092818	3.502906	0.118022	11.3	2.1	17.8
770	-0.219044	-0.219044	-0.384474	38.342874	0.067986	3.300200	2.800176	0.125475	10.9	2.1	21.6
771	-0.222436	-0.222436	-0.388400	39.335990	0.066867	2.497430	1.895338	0.127671	3.6	1.7	10.9
772	-0.227389	-0.227389	-0.419395	40.335842	0.065777	2.612700	2.232031	0.135031	8.3	1.7	17.9
773	-0.219326	-0.219326	-0.353448	39.430722	0.066762	2.753744	2.633164	0.114381	3.0	2.0	10.5
774	-0.234390	-0.234390	-0.387587	38.525601	0.067777	2.355075	2.188298	0.096503	12.9	1.8	20.3
775	-0.218458	-0.218458	-0.379220	39.524286	0.066659	1.591133	2.661922	0.112686	3.0	2.0	11.1
776	-0.219162	-0.219162	-0.370900	38.619190	0.067671	2.431420	2.700523	0.103820	7.9	1.5	15.0
777	-0.216994	-0.216994	-0.383943	37.714480	0.068714	2.411471	1.968716	0.138652	3.1	1.5	10.9
778	-0.226200	-0.226200	-0.383016	36.809362	0.069790	2.948299	1.597268	0.136785	3.0	1.5	8.2
779	-0.225104	-0.225104	-0.386589	37.802030	0.068612	2.667545	1.696328	0.137544	8.0	1.7	15.0
780	-0.216561	-0.216561	-0.375096	38.786958	0.067481	3.790427	3.639011	0.154729	2.9	1.4	10.2
781	-0.218345	-0.218345	-0.392639	39.783245	0.066375	3.388285	1.831906	0.150656	3.5	1.9	16.6
782	-0.218306	-0.218306	-0.384207	39.228349	0.066987	1.638885	3.003032	0.073920	3.1	1.7	12.1
783	-0.229059	-0.229059	-0.396070	40.215714	0.065906	2.223974	2.348147	0.112732	3.1	1.9	12.1
784	-0.226075	-0.226075	-0.390023	39.310601	0.066895	1.955838	1.795174	0.098632	6.4	1.9	14.1
785	-0.218036	-0.218036	-0.370115	40.310597	0.065804	2.185444	1.437390	0.099024	2.9	1.7	10.3
786	-0.223046	-0.223046	-0.393242	41.234724	0.064827	3.512719	2.426322	0.148529	8.4	1.5	15.8
787	-0.230434	-0.230434	-0.394052	40.694694	0.065395	3.497334	2.437987	0.206993	2.9	1.6	10.3
788	-0.224869	-0.224869	-0.390057	41.694694	0.064351	2.310951	2.443081	0.125241	3.3	7.5	16.4
789	-0.220294	-0.220294	-0.381306	40.789574	0.065294	2.640914	3.115658	0.109491	3.0	1.6	10.4
790	-0.221556	-0.221556	-0.399444	39.886891	0.066262	2.688657	2.169977	0.116471	8.4	1.7	19.5
791	-0.225298	-0.225298	-0.402808	40.624287	0.065469	2.387750	2.827017	0.104011	3.0	9.3	18.8
792	-0.230776	-0.230776	-0.421220	41.156372	0.064909	2.080445	2.135696	0.117347	3.6	1.6	13.3
793	-0.230682	-0.230682	-0.385378	40.251252	0.065868	2.533236	2.618472	0.122330	3.3	2.0	11.0
794	-0.226150	-0.226150	-0.367593	40.776589	0.065308	2.595098	2.200721	0.122682	10.4	2.2	33.1
795	-0.220949	-0.220949	-0.384752	39.871573	0.066279	2.564984	1.801646	0.120685	3.5	3.7	12.9
796	-0.222700	-0.222700	-0.385954	38.966455	0.067279	3.093888	2.183803	0.150374	3.0	9.5	20.2
797	-0.219658	-0.219658	-0.387398	38.107917	0.068256	1.832744	1.356589	0.082742	3.5	2.2	13.4
798	-0.216604	-0.216604	-0.368206	39.106096	0.067123	3.302729	2.297969	0.156994	8.8	15.1	31.0
799	-0.225452	-0.225452	-0.379528	40.087974	0.066044	3.536341	2.839207	0.219148	3.4	2.0	13.6
800	-0.218149	-0.218149	-0.405682	41.082828	0.064986	1.980025	1.302460	0.126143	3.1	2.9	12.0
801	-0.226353	-0.226353	-0.384442	40.177708	0.065947	1.999426	1.673033	0.089598	9.8	2.0	17.6
802	-0.224757	-0.224757	-0.400542	39.909427	0.066238	3.005247	2.617475	0.160884	4.3	1.5	11.9
803	-0.217063	-0.217063	-0.395419	39.086752	0.067145	2.732385	2.560038	0.111724	8.0	2.0	16.2
804	-0.227319	-0.227319	-0.398726	40.086752	0.066045	3.084388	2.160436	0.125764	4.7	3.7	23.9
805	-0.225332	-0.225332	-0.388562	39.181639	0.067039	1.885456	2.044931	0.093514	3.5	2.2	16.2
806	-0.219263	-0.219263	-0.379882	39.227012	0.066988	3.381654	2.026740	0.148226	6.5	3.3	16.0
807	-0.226875	-0.226875	-0.381391	38.321892	0.068010	2.359857	3.329908	0.094096	3.0	2.2	11.1
808	-0.233163	-0.233163	-0.408382	37.416772	0.069064	1.848298	1.356642	0.085851	8.7	9.2	28.1
809	-0.210769	-0.210769	-0.386160	36.511662	0.070151	1.885242	2.172205	0.072143	3.7	1.7	11.5
810	-0.215153	-0.215153	-0.384124	35.922806	0.070877	3.769685	1.858136	0.178327	3.3	1.6	11.4
811	-0.229331	-0.229331	-0.382817	36.922806	0.069653	1.916521	1.671635	0.095155	8.0	6.5	24.2
812	-0.227787	-0.227787	-0.377204	36.018084	0.070758	3.778351	2.738752	0.138201	2.8	2.1	10.3
813	-0.238124	-0.238124	-0.396723	36.976082	0.069589	3.851889	1.852962	0.163097	10.3	16.0	30.4
814	-0.219586	-0.219586	-0.383496	37.518527	0.068944	1.422785	2.145517	0.087317	2.9	2.0	13.3
815	-0.221382	-0.221382	-0.382991	38.518498	0.067786	1.607253	1.951324	0.104420	3.6	1.7	13.0
816	-0.230081	-0.230081	-0.396452	37.621191	0.068823	3.028717	2.059878	0.148472	3.5	9.3	18.3
817	-0.218332	-0.218332	-0.381678	36.716071	0.069902	3.385232	3.007132	0.140062	3.1	1.5	10.4
818	-0.226020	-0.226020	-0.386778	37.716071	0.068712	3.555822	1.754545	0.134642	3.5	1.8	10.9
819	-0.206514	-0.206514	-0.368141	36.811129	0.069788	2.683039	1.547241	0.110375	17.0	3.9	26.7
820	-0.224259	-0.224259	-0.391838	37.811129	0.068601	1.813087	1.544602	0.125147	2.6	1.5	10.0
821	-0.227903	-0.227903	-0.398228	37.781131	0.068636	1.911877	2.278149	0.135942	2.7	1.5	9.4
822	-0.220261	-0.220261	-0.376919	38.781025	0.067488	3.416237	2.614538	0.169192	8.8	1.6	18.1
823	-0.240844	-0.240844	-0.391955	37.875906	0.068525	2.411398	1.472957	0.107302	3.1	1.7	10.3
824	-0.218767	-0.218767	-0.384535	38.875880	0.067381	1.622810	2.153134	0.081675	3.1	7.0	15.7
825	-0.215741	-0.215741	-0.371361	37.974274	0.068411	2.680770	3.069413	0.173998	3.2	1.8	11.0
826	-0.228177	-0.228177	-0.380388	38.974260	0.067270	2.470948	1.512145	0.109222	8.4	2.4	16.4
827	-0.218994	-0.218994	-0.391129	39.974260	0.066167	2.377787	3.543501	0.106058	2.7	1.6	9.9
828	-0.224352	-0.224352	-0.395918	39.069140	0.067164	2.684985	2.608817	0.122068	7.2	1.7	16.5
829	-0.214397	-0.214397	-0.384206	40.069134	0.066064	1.876522	1.889551	0.146912	3.0	4.7	17.0
830	-0.232048	-0.232048	-0.401058	41.069133	0.065000	2.835510	2.256460	0.152717	3.2	2.0	13.0
831	-0.209226	-0.209226	-0.392903	42.069021	0.063970	2.872978	2.501142	0.127746	3.8	2.1	11.2
832	-0.221431	-0.221431	-0.379910	42.948136	0.063090	2.874776	3.583816	0.140858	8.0	2.0	15.7
833	-0.211661	-0.211661	-0.383525	43.679034	0.062377	3.565794	2.826621	0.159245	2.9	1.6	8.3
834	-0.207900	-0.207900	-0.364235	44.679027	0.061427	2.757254	1.966198	0.131083	3.3	1.9	16.4
835	-0.229290	-0.229290	-0.388038	43.977521	0.062091	4.261718	2.130594	0.209746	2.9	2.1	10.5
836	-0.229498	-0.229498	-0.399228	44.977521	0.061150	2.240276	2.907358	0.102351	3.0	1.8	10.5
837	-0.233493	-0.233493	-0.400228	44.215875	0.061864	2.630553	2.627062	0.107427	9.3	1.8	16.4
838	-0.217137	-0.217137	-0.381978	43.414017	0.062634	2.123991	2.225994	0.123883	2.9	1.8	17.7
839	-0.222231	-0.222231	-0.379116	44.414015	0.061676	2.886288	2.370604	0.132136	3.3	1.8	11.9
840	-0.218446	-0.218446	-0.360747	45.414014	0.060748	2.418766	3.376771	0.115280	3.3	1.6	11.7
841	-0.221270	-0.221270	-0.397641	44.508894	0.061587	3.362971	2.612785	0.175906	10.2	3.8	19.8
842	-0.224721	-0.224721	-0.398486	45.508636	0.060661	3.913780	2.096295	0.151389	4.0	2.1	13.1
843	-0.213934	-0.213934	-0.357880	44.603516	0.061498	3.158969	1.712508	0.125616	10.9	14.4	31.6
844	-0.215975	-0.215975	-0.380507	43.795929	0.062265	3.548447	3.046967	0.169734	4.3	1.8	11.8
845	-0.216796	-0.216796	-0.394476	42.891184	0.063146	2.865862	1.677914	0.129566	3.4	2.3	18.7
846	-0.208424	-0.208424	-0.366225	42.738386	0.063298	2.179601	1.409281	0.104922	10.1	1.6	17.6
847	-0.195223	-0.195223	-0.363139	42.977063	0.063062	3.356269	2.118159	0.137503	3.7	1.9	11.3
848	-0.225492	-0.225492	-0.381832	42.072046	0.063966	2.391537	2.205039	0.135803	3.3	1.9	11.3
849	-0.234306	-0.234306	-0.395235	43.072039	0.062968	1.943414	1.632599	0.080738	13.1	1.8	20.9
850	-0.222064	-0.222064	-0.398851	42.172809	0.063864	3.860336	1.821978	0.181604	3.1	1.6	10.7
851	-0.235072	-0.235072	-0.411943	41.603226	0.064446	2.771282	1.598709	0.168827	3.6	1.7	12.6
852	-0.211291	-0.211291	-0.350750	42.603226	0.063432	2.537512	1.011022	0.133103	12.1	1.8	20.3
853	-0.218456	-0.218456	-0.377840	42.171913	0.063865	3.847698	1.884038	0.190485	3.4	1.8	11.1
854	-0.216569	-0.216569	-0.397205	42.345705	0.063690	2.704009	1.526308	0.171110	3.6	1.6	10.8
855	-0.223434	-0.223434	-0.386034	41.440585	0.064613	3.128956	2.258595	0.134469	3.4	12.8	22.1
856	-0.237989	-0.237989	-0.388329	42.436431	0.063599	2.198774	2.730490	0.085588	4.2	1.9	12.2
857	-0.223473	-0.223473	-0.389522	41.531310	0.064520	1.746373	2.812690	0.109436	3.5	2.0	11.2
858	-0.230037	-0.230037	-0.392413	40.679564	0.065411	2.741005	1.694636	0.153115	3.7	16.5	25.8
859	-0.233243	-0.233243	-0.409943	41.679564	0.064367	3.509376	2.492643	0.186390	4.8	1.8	15.9
860	-0.217765	-0.217765	-0.362024	40.774444	0.065310	2.620072	1.874059	0.103381	3.8	3.2	16.7
861	-0.225607	-0.225607	-0.395200	39.869323	0.066281	2.492202	2.605234	0.126476	3.9	1.8	13.1
862	-0.219217	-0.219217	-0.386739	40.746029	0.065340	2.052282	1.337117	0.111454	12.6	5.4	26.5
863	-0.220474	-0.220474	-0.387630	41.746029	0.064299	1.849021	3.055844	0.073578	11.4	1.7	18.9
864	-0.235030	-0.235030	-0.388991	40.861609	0.065218	3.280231	1.768704	0.181035	3.3	1.7	12.3
865	-0.219682	-0.219682	-0.408379	40.020128	0.066117	1.816368	2.072886	0.088969	12.6	2.1	21.5
866	-0.208860	-0.208860	-0.385513	41.017418	0.065054	2.258470	2.196938	0.089717	3.4	1.7	10.7
867	-0.197933	-0.197933	-0.347932	40.286164	0.065830	3.201729	2.454292	0.166002	4.9	7.7	21.7
868	-0.227826	-0.227826	-0.390420	39.415557	0.066779	1.823393	2.287424	0.082908	14.6	2.1	22.4
869	-0.224872	-0.224872	-0.385654	40.415460	0.065692	2.633117	1.447577	0.120525	2.6	1.6	10.2
870	-0.221012	-0.221012	-0.386795	39.512475	0.066672	3.383202	1.644492	0.163805	6.4	5.8	17.3
871	-0.223449	-0.223449	-0.383757	38.612988	0.067678	2.038962	1.940875	0.089182	10.3	1.7	18.4
872	-0.222078	-0.222078	-0.383098	39.612988	0.066562	2.068401	3.173354	0.091412	3.2	5.1	14.2
873	-0.218696	-0.218696	-0.411012	40.609794	0.065485	2.696403	1.747599	0.115663	7.2	3.3	17.4
874	-0.224898	-0.224898	-0.402443	39.704715	0.066461	3.419204	1.480549	0.150339	3.5	1.5	11.2
875	-0.216442	-0.216442	-0.386604	38.973763	0.067271	1.765269	2.114003	0.070954	7.4	2.2	15.9
876	-0.227707	-0.227707	-0.375985	39.903076	0.066245	3.095825	2.927426	0.144211	3.1	1.7	10.7
877	-0.216791	-0.216791	-0.388124	40.150910	0.065976	1.346636	2.773137	0.068695	12.0	1.4	18.9
878	-0.217617	-0.217617	-0.382937	41.150910	0.064915	2.302724	1.522482	0.105738	2.8	1.5	8.4
879	-0.237365	-0.237365	-0.391101	40.774157	0.065310	3.521401	1.308652	0.191675	2.8	6.3	14.3
880	-0.216405	-0.216405	-0.381758	39.869037	0.066282	2.372942	2.400531	0.096651	2.6	1.4	9.9
881	-0.216716	-0.216716	-0.396401	40.868506	0.065211	1.608365	2.445442	0.061048	3.0	1.6	9.4
882	-0.210820	-0.210820	-0.372052	39.965767	0.066176	4.090398	2.167547	0.193989	8.9	1.8	16.2
883	-0.225044	-0.225044	-0.387748	40.743243	0.065343	2.848318	1.531536	0.131981	2.9	1.6	10.4
884	-0.226338	-0.226338	-0.407721	39.838123	0.066315	3.200944	2.795238	0.142883	13.0	1.9	20.7
885	-0.216944	-0.216944	-0.359278	38.964234	0.067282	1.658361	1.896874	0.069720	8.8	1.7	16.3
886	-0.227451	-0.227451	-0.404479	39.964232	0.066178	2.782846	2.692567	0.138647	3.8	1.7	10.6
887	-0.226137	-0.226137	-0.386667	40.849348	0.065231	2.491730	1.252818	0.110488	2.7	8.2	16.8
888	-0.222211	-0.222211	-0.376116	39.944242	0.066200	1.763546	3.013023	0.076955	3.5	1.7	13.0
889	-0.203698	-0.203698	-0.381633	40.940002	0.065136	3.175056	2.390805	0.148521	6.9	2.0	14.1
890	-0.223511	-0.223511	-0.406236	41.937440	0.064103	3.393936	1.498167	0.143262	3.0	1.9	11.0
891	-0.215696	-0.215696	-0.344835	42.937440	0.063101	3.616267	2.927672	0.153251	3.4	7.5	16.7
892	-0.217435	-0.217435	-0.391750	43.937437	0.062129	1.992076	1.983523	0.107576	3.1	2.2	11.0
893	-0.219490	-0.219490	-0.395357	44.936789	0.061187	4.559870	2.471970	0.209591	7.1	1.6	14.3
894	-0.236189	-0.236189	-0.404355	44.031967	0.062039	2.232988	1.812395	0.153733	2.7	1.6	9.9
895	-0.217541	-0.217541	-0.373112	45.031967	0.061099	2.858806	1.728678	0.113964	6.7	1.7	14.0
896	-0.217701	-0.217701	-0.397099	44.126847	0.061948	3.288572	3.399492	0.156814	3.4	1.5	11.2
897	-0.239470	-0.239470	-0.404260	45.126847	0.061011	3.349375	1.607714	0.142644	3.2	1.9	8.9
898	-0.223800	-0.223800	-0.404108	46.125329	0.060104	2.171741	2.193911	0.087949	7.4	1.4	14.7
899	-0.215092	-0.215092	-0.369956	45.220211	0.060925	2.030139	1.563452	0.100886	3.2	1.4	10.4
900	-0.226794	-0.226794	-0.376325	46.217588	0.060021	3.142186	2.040938	0.131561	5.5	6.8	17.8
901	-0.201250	-0.201250	-0.361237	45.313397	0.060840	2.280187	2.608261	0.120027	2.9	1.7	10.1
902	-0.223621	-0.223621	-0.383634	44.408334	0.061682	2.820139	3.180376	0.121379	7.0	1.6	13.7
903	-0.210333	-0.210333	-0.392113	44.652774	0.061452	2.602797	3.333167	0.118022	4.4	2.4	12.4
904	-0.222628	-0.222628	-0.380164	43.883073	0.062181	2.470025	2.116450	0.095161	3.1	1.8	10.4
905	-0.225792	-0.225792	-0.395425	42.977973	0.063061	3.556229	1.561746	0.137861	2.8	1.6	9.6
906	-0.217716	-0.217716	-0.365807	42.072944	0.063966	3.498260	2.452204	0.141719	10.3	1.5	17.6
907	-0.224270	-0.224270	-0.370139	41.168301	0.064896	3.154043	2.202231	0.135920	2.8	1.9	10.2
908	-0.225905	-0.225905	-0.377390	40.573184	0.065524	2.311808	2.117793	0.161193	3.4	1.5	10.6
909	-0.221954	-0.221954	-0.387647	39.671700	0.066497	2.769949	2.264822	0.177881	12.6	1.7	21.7
910	-0.216542	-0.216542	-0.392465	38.766582	0.067504	2.733182	1.859984	0.170682	2.9	1.5	12.4
911	-0.220829	-0.220829	-0.373209	37.861462	0.068542	3.739669	2.429164	0.159229	4.6	1.5	11.8
912	-0.224177	-0.224177	-0.381506	36.956342	0.069613	1.046738	2.117189	0.080275	3.4	1.9	11.1
913	-0.226070	-0.226070	-0.391886	36.051371	0.070717	2.497867	1.373071	0.137263	9.4	1.9	17.2
914	-0.220990	-0.220990	-0.378368	36.876999	0.069708	2.403686	1.231223	0.097546	3.5	2.0	11.4
915	-0.233081	-0.233081	-0.383638	35.971879	0.070816	3.973451	1.359243	0.164819	12.5	2.0	20.3
916	-0.225395	-0.225395	-0.379988	36.971877	0.069594	3.226732	1.826581	0.123870	2.8	1.5	10.2
917	-0.213365	-0.213365	-0.361416	37.971877	0.068414	2.989056	1.637168	0.150784	7.6	1.6	14.8
918	-0.227683	-0.227683	-0.375704	37.066758	0.069480	2.433808	2.042513	0.171123	3.0	1.8	10.6
919	-0.222366	-0.222366	-0.401519	36.161639	0.070580	1.716655	1.849456	0.115736	7.5	6.2	18.8
920	-0.207624	-0.207624	-0.357888	35.256542	0.071716	2.020166	1.809440	0.078935	10.9	1.7	18.3
921	-0.234935	-0.234935	-0.393706	35.327564	0.071626	2.565562	1.740294	0.107226	2.8	1.7	10.3
922	-0.241652	-0.241652	-0.393385	34.422460	0.072795	1.449893	2.238328	0.148361	6.7	1.7	14.1
923	-0.218629	-0.218629	-0.389670	33.517350	0.074004	1.888678	2.038849	0.083719	4.9	1.7	14.7
924	-0.216619	-0.216619	-0.379214	34.504241	0.072688	2.307663	3.368020	0.115867	11.9	3.2	20.7
925	-0.210922	-0.210922	-0.380316	35.504194	0.071402	3.177103	2.889766	0.151753	3.2	1.6	10.7
926	-0.223936	-0.223936	-0.389957	34.599073	0.072564	2.963777	2.869497	0.128905	10.1	1.4	19.2
927	-0.228422	-0.228422	-0.372822	34.257961	0.073012	2.167068	2.016094	0.112405	3.2	7.9	17.8
928	-0.222318	-0.222318	-0.393130	35.257961	0.071714	2.937746	2.680270	0.146310	3.4	3.2	12.2
929	-0.206684	-0.206684	-0.368484	34.352841	0.072887	2.031040	1.076249	0.092490	3.1	1.6	10.8
930	-0.240238	-0.240238	-0.407363	35.352407	0.071594	3.422715	2.463578	0.134671	21.9	1.8	31.5
931	-0.226307	-0.226307	-0.395908	35.005061	0.072038	2.037124	3.029176	0.081631	2.7	1.5	12.2
932	-0.230898	-0.230898	-0.401762	35.952232	0.070840	1.949234	2.762004	0.134540	3.1	1.6	12.1
933	-0.207687	-0.207687	-0.361941	35.378282	0.071561	2.249249	2.417828	0.095359	7.2	1.7	16.9
934	-0.229278	-0.229278	-0.398813	36.378282	0.070314	1.385074	2.171959	0.085312	3.1	2.1	13.1
935	-0.224915	-0.224915	-0.393927	35.892136	0.070915	2.716667	2.078252	0.100076	6.7	12.0	35.3
936	-0.215148	-0.215148	-0.376309	36.892104	0.069690	2.932450	2.173262	0.132595	2.9	1.8	10.8
937	-0.226047	-0.226047	-0.400665	35.986984	0.070797	2.511091	2.480104	0.120855	3.5	2.6	12.3
938	-0.228902	-0.228902	-0.391281	36.985257	0.069578	3.019877	1.776899	0.148265	5.0	1.9	12.7
939	-0.230261	-0.230261	-0.395986	37.932793	0.068459	3.445560	1.474438	0.166998	12.3	2.4	22.9
940	-0.230096	-0.230096	-0.371233	37.027673	0.069527	3.939052	2.648245	0.161671	12.5	1.5	20.2
941	-0.209384	-0.209384	-0.380905	36.122553	0.070629	2.382931	2.830328	0.135387	3.7	2.0	14.0
942	-0.219584	-0.219584	-0.360532	35.217432	0.071766	3.474907	3.118381	0.153099	4.0	2.3	11.7
943	-0.207506	-0.207506	-0.374786	36.216984	0.070512	2.692981	1.415171	0.110497	3.3	2.3	13.1
944	-0.221572	-0.221572	-0.354113	35.312201	0.071645	3.145086	2.795947	0.130900	3.8	13.2	26.3
945	-0.199155	-0.199155	-0.383825	34.407146	0.072815	1.732517	2.838716	0.066513	3.5	1.8	14.8
946	-0.219071	-0.219071	-0.388270	35.384654	0.071553	4.168281	3.261278	0.171162	15.8	2.2	26.2
947	-0.223884	-0.223884	-0.372743	35.277175	0.071690	3.037297	1.972040	0.137406	3.8	2.0	12.2
948	-0.223365	-0.223365	-0.384936	34.372055	0.072862	2.685562	1.654123	0.119221	2.8	1.4	9.6
949	-0.218670	-0.218670	-0.399313	35.372055	0.071569	2.096367	1.407614	0.102439	2.8	1.8	10.2
950	-0.224403	-0.224403	-0.376921	36.370748	0.070323	2.065394	3.004976	0.120597	3.1	13.5	31.9
951	-0.213331	-0.213331	-0.395573	35.550316	0.071343	3.318958	2.242018	0.149897	3.1	1.9	10.4
952	-0.215152	-0.215152	-0.371415	36.550231	0.070104	2.838732	1.109564	0.119310	3.4	2.1	11.6
953	-0.212502	-0.212502	-0.352136	37.548864	0.068908	1.892700	1.547194	0.077462	3.0	1.5	12.2
954	-0.225228	-0.225228	-0.384104	36.643744	0.069990	3.437100	2.492372	0.154223	3.4	10.8	20.2
955	-0.226337	-0.226337	-0.358464	36.313255	0.070394	2.750840	1.900343	0.112940	3.3	2.1	13.0
956	-0.220222	-0.220222	-0.393708	35.408135	0.071523	2.694751	1.299791	0.128972	3.2	2.2	20.2
957	-0.219082	-0.219082	-0.382270	36.408135	0.070277	3.624099	2.208684	0.183509	3.4	4.2	17.9
958	-0.222376	-0.222376	-0.398290	35.503015	0.071403	3.321069	1.817843	0.130966	3.8	1.8	13.3
959	-0.229930	-0.229930	-0.410843	34.597942	0.072566	2.507024	2.333517	0.108805	11.3	2.1	19.4
960	-0.217545	-0.217545	-0.368694	35.585177	0.071300	1.143627	2.792410	0.081173	3.6	1.6	10.8
961	-0.227015	-0.227015	-0.377968	35.060802	0.071966	2.951247	2.260393	0.119133	3.1	1.6	12.7
962	-0.219334	-0.219334	-0.371625	36.060296	0.070706	3.021622	1.810155	0.113893	2.8	13.2	22.0
963	-0.225667	-0.225667	-0.379603	35.155175	0.071845	3.644635	1.679813	0.162080	3.0	1.8	12.4
964	-0.222918	-0.222918	-0.392628	34.250055	0.073022	2.109609	2.742943	0.112243	2.9	1.5	9.5
965	-0.209082	-0.209082	-0.338419	33.344935	0.074239	2.853003	2.679812	0.115211	2.6	2.0	9.6
966	-0.216844	-0.216844	-0.387772	34.055766	0.073280	3.615945	2.167399	0.162773	13.1	2.3	20.9
967	-0.231487	-0.231487	-0.382911	33.575754	0.073925	2.982905	3.478327	0.137086	7.7	1.7	15.6
968	-0.211122	-0.211122	-0.366576	34.575749	0.072595	2.912058	1.646149	0.130487	4.3	1.7	11.9
969	-0.216166	-0.216166	-0.371728	35.575749	0.071311	2.582547	2.764699	0.106184	3.4	2.0	12.2
970	-0.212486	-0.212486	-0.360138	34.670630	0.072471	2.975223	2.120030	0.130302	3.7	1.6	11.1
971	-0.236293	-0.236293	-0.390886	33.765638	0.073668	2.254923	1.544915	0.104031	13.7	2.0	21.8
972	-0.216192	-0.216192	-0.374840	34.764322	0.072349	2.286321	1.705835	0.110241	3.1	2.0	11.8
973	-0.216607	-0.216607	-0.367276	33.859832	0.073542	2.833762	3.653882	0.160906	15.6	2.0	25.4
974	-0.221604	-0.221604	-0.393111	34.859832	0.072225	2.557301	2.031315	0.125666	2.9	1.8	10.5
975	-0.222429	-0.222429	-0.379153	35.859832	0.070955	2.035391	2.631265	0.106617	3.1	1.7	17.5
976	-0.213746	-0.213746	-0.376906	34.954712	0.072103	4.266169	2.888258	0.176388	2.6	1.4	9.5
977	-0.220679	-0.220679	-0.386941	35.954583	0.070837	3.080922	2.422403	0.121087	7.3	1.8	14.7
978	-0.234694	-0.234694	-0.373275	36.954465	0.069615	2.831767	1.503421	0.129274	3.4	1.6	10.8
979	-0.219744	-0.219744	-0.377432	36.049513	0.070719	4.021275	3.031106	0.170976	3.3	1.7	10.2
980	-0.198917	-0.198917	-0.352327	37.049513	0.069501	2.833810	1.512808	0.144157	7.3	1.5	14.1
981	-0.215877	-0.215877	-0.367893	38.049513	0.068324	3.726232	2.267058	0.163280	2.9	1.6	9.5
982	-0.219289	-0.219289	-0.382520	39.049507	0.067186	2.232151	2.668549	0.107865	2.5	1.6	11.8
983	-0.201016	-0.201016	-0.364659	40.048622	0.066087	3.391800	4.165536	0.138935	4.0	1.5	11.3
984	-0.227770	-0.227770	-0.383247	41.048617	0.065022	4.457617	1.539801	0.215305	3.2	1.6	9.8
985	-0.216978	-0.216978	-0.375588	40.143497	0.065984	2.864425	2.980088	0.120969	3.0	8.0	15.9
986	-0.235478	-0.235478	-0.394540	39.238377	0.066976	3.299635	1.847586	0.164321	3.0	1.6	10.1
987	-0.222775	-0.222775	-0.423666	38.333257	0.067997	3.129362	2.615097	0.142772	2.7	1.6	7.9
988	-0.226408	-0.226408	-0.387603	39.330732	0.066873	2.770165	1.741115	0.111311	2.9	7.6	15.5
989	-0.204853	-0.204853	-0.372147	40.323747	0.065790	1.790763	2.220463	0.078663	6.5	2.4	14.4
990	-0.220207	-0.220207	-0.375062	39.423162	0.066771	2.785203	1.796095	0.139926	14.1	1.6	22.8
991	-0.210669	-0.210669	-0.367330	40.397034	0.065712	2.530483	1.888716	0.115585	3.1	1.7	12.2
992	-0.222234	-0.222234	-0.377902	41.396630	0.064659	3.414624	2.780512	0.155782	3.9	8.6	19.6
993	-0.229223	-0.229223	-0.364116	40.491510	0.065611	1.497658	1.797385	0.083693	3.2	1.6	10.5
994	-0.208385	-0.208385	-0.379169	39.586629	0.066591	2.559299	2.729202	0.125998	8.3	1.8	15.1
995	-0.226275	-0.226275	-0.391098	38.681513	0.067600	1.612079	1.010045	0.091093	2.8	2.3	10.5
996	-0.228233	-0.228233	-0.407926	39.681512	0.066486	2.288587	1.552510	0.089847	3.0	1.5	9.9
997	-0.216902	-0.216902	-0.370105	40.636935	0.065456	1.776775	1.686088	0.121034	8.9	1.8	15.9
998	-0.240247	-0.240247	-0.386357	41.636759	0.064411	2.425739	3.525698	0.127249	2.7	1.7	9.9
999	-0.214868	-0.214868	-0.377814	42.636561	0.063399	2.252919	2.108700	0.106650	2.6	8.0	15.7
