1:ItNr	2:Metric	2:Metric0	2:Metric1	3a:Time	3b:StepSize	4:||Gradient0||	4:||Gradient1||	4:||Gradient||	Time0[ms]	Time1[ms]	Time[ms]
0	-0.111020	-0.111020	-0.233099	0.000000	1.593018	0.447737	1.625447	0.020499	2.2	1.3	223.3
1	-0.111006	-0.111006	-0.215523	0.000000	1.593018	0.322447	1.451091	0.017008	2.4	1.6	8.5
2	-0.122747	-0.122747	-0.225856	0.000000	1.593018	0.532307	1.517132	0.020004	2.4	1.5	8.8
3	-0.118504	-0.118504	-0.216699	0.364423	1.565846	0.687508	1.223577	0.029596	5.5	1.5	12.4
4	-0.121293	-0.121293	-0.237811	0.000000	1.593018	0.651398	1.179079	0.027441	2.5	1.6	9.3
5	-0.124926	-0.124926	-0.210127	0.000000	1.593018	0.672112	2.008785	0.032072	2.6	2.2	11.9
6	-0.131026	-0.131026	-0.236178	0.000000	1.593018	0.933754	1.574680	0.037991	4.8	1.5	11.9
7	-0.107720	-0.107720	-0.211043	1.000000	1.520609	0.638293	1.821813	0.029584	2.6	1.6	9.5
8	-0.127837	-0.127837	-0.250839	1.999423	1.454532	0.375352	1.624999	0.035237	2.8	1.5	7.4
9	-0.113906	-0.113906	-0.206920	1.359320	1.496172	0.406021	1.423396	0.021640	8.5	1.6	14.9
10	-0.119181	-0.119181	-0.221469	0.719216	1.540267	0.357202	1.708289	0.018994	3.6	1.6	12.7
11	-0.109331	-0.109331	-0.216151	1.709271	1.473116	0.571071	1.731669	0.023094	4.5	1.3	10.1
12	-0.125598	-0.125598	-0.238642	2.709271	1.410983	0.428588	1.361396	0.019015	2.3	1.5	7.2
13	-0.118139	-0.118139	-0.208317	3.705076	1.354110	0.355670	1.517881	0.021293	2.5	1.4	8.1
14	-0.118641	-0.118641	-0.245840	3.064979	1.390127	0.503327	1.504397	0.026162	2.7	1.6	17.5
15	-0.122341	-0.122341	-0.237026	2.424875	1.428114	0.468520	1.589035	0.027089	2.9	1.7	11.7
16	-0.126753	-0.126753	-0.234881	1.784775	1.468234	0.415692	1.690071	0.027721	2.7	1.8	10.6
17	-0.120254	-0.120254	-0.248064	1.144671	1.510674	0.630240	1.389575	0.033798	7.6	1.4	14.8
18	-0.116858	-0.116858	-0.224208	0.504567	1.555641	0.356355	1.354552	0.022855	2.5	1.3	7.2
19	-0.124586	-0.124586	-0.241168	0.000000	1.593018	0.574551	1.492562	0.027784	2.5	1.6	8.2
20	-0.138835	-0.138835	-0.253353	0.000000	1.593018	0.504190	1.225514	0.031442	8.1	1.7	14.7
21	-0.137391	-0.137391	-0.252094	0.000000	1.593018	0.619121	1.236931	0.035502	2.2	1.4	8.7
22	-0.129818	-0.129818	-0.206415	0.000000	1.593018	0.255050	1.646768	0.010365	7.7	1.6	13.8
23	-0.121631	-0.121631	-0.229640	0.000000	1.593018	0.538975	1.612562	0.024546	2.8	1.6	9.5
24	-0.127230	-0.127230	-0.242792	0.000000	1.593018	0.374393	1.190624	0.023666	2.6	1.7	9.4
25	-0.134939	-0.134939	-0.247151	0.000000	1.593018	0.505366	1.607064	0.025358	8.1	1.3	14.3
26	-0.119644	-0.119644	-0.237562	0.000000	1.593018	0.530802	1.334292	0.036659	2.8	1.5	9.2
27	-0.123087	-0.123087	-0.234466	0.000000	1.593018	0.550378	1.492531	0.024772	3.3	1.5	9.6
28	-0.139738	-0.139738	-0.252971	0.000000	1.593018	0.478018	1.243355	0.033099	9.2	2.4	16.8
29	-0.115808	-0.115808	-0.224117	0.000000	1.593018	0.522575	1.855625	0.022977	2.6	1.6	9.5
30	-0.134140	-0.134140	-0.271382	0.000000	1.593018	0.418439	1.379803	0.032684	2.7	1.6	9.7
31	-0.127106	-0.127106	-0.247995	0.000000	1.593018	0.752807	1.461173	0.030939	6.6	1.5	14.0
32	-0.134111	-0.134111	-0.268809	0.000000	1.593018	0.706596	1.245798	0.035641	3.5	1.7	10.4
33	-0.138537	-0.138537	-0.263601	0.000000	1.593018	0.211240	1.631568	0.020576	3.0	1.6	11.9
34	-0.137453	-0.137453	-0.254068	0.000000	1.593018	0.626095	1.377462	0.032288	3.3	21.9	31.0
35	-0.135549	-0.135549	-0.267046	0.000000	1.593018	0.841806	1.657626	0.047454	2.8	1.5	11.7
36	-0.133973	-0.133973	-0.258139	0.000000	1.593018	0.470378	1.568958	0.018642	2.6	1.8	11.1
37	-0.136192	-0.136192	-0.225295	0.000000	1.593018	0.525326	1.446057	0.027347	2.9	2.1	11.7
38	-0.137216	-0.137216	-0.274843	0.871794	1.529522	0.583392	1.350006	0.034348	22.8	1.7	31.6
39	-0.135532	-0.135532	-0.279022	0.231690	1.575635	0.661167	1.197113	0.040905	2.6	1.5	9.2
40	-0.132465	-0.132465	-0.270975	0.000000	1.593018	0.591959	1.028147	0.032325	2.6	1.8	9.9
41	-0.138131	-0.138131	-0.257113	0.000000	1.593018	0.673679	1.482690	0.028211	3.2	1.5	10.3
42	-0.152000	-0.152000	-0.298150	0.000000	1.593018	0.634755	1.636039	0.031272	15.2	1.6	22.3
43	-0.144884	-0.144884	-0.257306	0.000000	1.593018	0.534163	1.160497	0.021667	12.6	1.6	22.3
44	-0.129246	-0.129246	-0.233716	0.999674	1.520631	0.423713	1.106602	0.019591	3.2	2.4	11.0
45	-0.122768	-0.122768	-0.225784	1.999487	1.454528	0.711321	1.866089	0.030636	3.8	7.1	18.9
46	-0.131408	-0.131408	-0.248687	1.359688	1.496147	0.529039	1.540402	0.020122	2.8	1.5	9.7
47	-0.140624	-0.140624	-0.256595	0.719584	1.540241	0.523570	1.390433	0.028094	3.8	1.5	12.8
48	-0.129246	-0.129246	-0.262431	1.107556	1.513211	0.471750	1.569146	0.018874	20.3	1.6	28.9
49	-0.120940	-0.120940	-0.234358	2.088296	1.448933	0.716104	1.330223	0.036969	2.8	1.6	11.5
50	-0.130558	-0.130558	-0.238699	3.084068	1.389026	1.050301	1.558995	0.046293	2.7	1.9	11.1
51	-0.131611	-0.131611	-0.232669	2.443964	1.426951	0.515997	1.136010	0.024082	13.4	8.3	27.3
52	-0.123217	-0.123217	-0.225313	3.365132	1.373003	0.475413	1.548306	0.023396	2.9	2.0	12.3
53	-0.143731	-0.143731	-0.260318	2.725028	1.410046	0.610629	1.505104	0.025135	2.3	1.4	10.7
54	-0.144603	-0.144603	-0.242651	2.084924	1.449144	0.615418	1.504534	0.037148	3.1	1.3	11.2
55	-0.119911	-0.119911	-0.250880	1.444821	1.490472	0.382095	1.630168	0.020829	12.0	11.1	28.2
56	-0.145110	-0.145110	-0.262999	0.804717	1.534227	0.296381	0.989925	0.015316	2.8	1.3	11.3
57	-0.133085	-0.133085	-0.253090	1.261739	1.502730	0.250985	1.737064	0.017120	2.6	1.5	10.8
58	-0.127371	-0.127371	-0.256544	2.261610	1.438137	0.401977	1.234281	0.026461	5.6	1.4	13.9
59	-0.135889	-0.135889	-0.252832	3.261033	1.378894	0.833627	1.603961	0.032486	10.9	12.2	28.5
60	-0.133734	-0.133734	-0.250812	4.261033	1.324308	0.423375	1.707097	0.019709	3.2	4.3	12.7
61	-0.137467	-0.137467	-0.249397	3.621818	1.358689	0.435027	1.632595	0.029530	3.6	1.9	12.5
62	-0.129556	-0.129556	-0.239904	4.393279	1.317411	0.602550	1.757299	0.031491	9.2	3.4	17.7
63	-0.134139	-0.134139	-0.258126	5.391892	1.267563	0.671635	1.337786	0.036159	2.5	1.6	9.5
64	-0.135637	-0.135637	-0.258371	4.751788	1.299070	0.615549	1.533295	0.026244	3.1	1.5	9.8
65	-0.119598	-0.119598	-0.211684	4.779097	1.297694	0.462825	1.565371	0.021059	19.3	3.2	28.8
66	-0.141889	-0.141889	-0.242280	5.779097	1.249235	0.724504	1.041433	0.032144	3.9	2.7	11.8
67	-0.128772	-0.128772	-0.243191	6.778811	1.204277	0.379056	1.955741	0.016744	2.8	1.9	10.0
68	-0.128912	-0.128912	-0.253155	7.778794	1.162432	0.334894	1.444141	0.023667	2.9	1.5	10.9
69	-0.151379	-0.151379	-0.280922	7.138933	1.188865	0.501092	1.455536	0.027719	16.8	5.5	30.0
70	-0.136665	-0.136665	-0.275862	6.498842	1.216538	0.433302	1.499988	0.021140	2.5	1.3	9.1
71	-0.143056	-0.143056	-0.286761	5.858739	1.245531	0.468793	1.457217	0.031526	3.5	1.5	11.8
72	-0.139610	-0.139610	-0.264300	5.218635	1.275939	0.484708	1.588740	0.023524	6.5	4.1	15.6
73	-0.140764	-0.140764	-0.266161	4.578531	1.307870	0.283117	1.654035	0.015379	2.8	1.4	9.4
74	-0.139466	-0.139466	-0.228169	3.938693	1.341425	0.435380	1.325051	0.023091	2.7	1.7	11.3
75	-0.143786	-0.143786	-0.261704	3.298903	1.376745	0.604229	1.287279	0.033929	9.3	7.9	26.8
76	-0.140984	-0.140984	-0.244164	2.659052	1.413978	0.667060	1.619306	0.030872	2.2	1.7	10.4
77	-0.133138	-0.133138	-0.236470	2.018948	1.453298	0.495130	0.996779	0.024494	5.7	2.2	13.6
78	-0.138859	-0.138859	-0.268124	1.381365	1.494698	0.744009	1.423738	0.031618	9.1	1.4	16.3
79	-0.160396	-0.160396	-0.280469	2.046109	1.451585	0.878260	1.200723	0.039856	2.4	1.6	9.3
80	-0.146607	-0.146607	-0.250459	3.046094	1.391219	0.349281	1.075594	0.018480	3.2	1.5	10.0
81	-0.142766	-0.142766	-0.283572	2.405990	1.429266	0.687908	1.604323	0.028392	19.1	2.0	32.9
82	-0.132967	-0.132967	-0.250424	1.765896	1.469452	0.532069	1.574890	0.023507	7.8	1.6	17.6
83	-0.135824	-0.135824	-0.257876	1.134759	1.511351	0.529414	1.479190	0.024450	5.5	1.8	12.5
84	-0.144112	-0.144112	-0.264728	2.131630	1.446218	0.760436	1.605410	0.035593	22.0	8.0	38.6
85	-0.128706	-0.128706	-0.254065	3.131630	1.386288	0.491201	1.546095	0.026647	6.3	1.6	16.3
86	-0.142180	-0.142180	-0.268427	2.491526	1.424062	0.601702	1.208128	0.028013	3.7	2.1	17.5
87	-0.147628	-0.147628	-0.279171	3.491526	1.365917	0.365874	1.791416	0.019257	6.2	1.9	15.3
88	-0.138655	-0.138655	-0.241386	3.260529	1.378922	0.379933	1.190120	0.017859	3.7	2.0	12.8
89	-0.142254	-0.142254	-0.252559	3.118207	1.387059	0.435144	1.345769	0.016396	6.3	3.1	18.3
90	-0.146172	-0.146172	-0.243663	4.019991	1.337066	0.765268	1.653290	0.031098	17.1	1.8	24.7
91	-0.155680	-0.155680	-0.282568	5.018545	1.285752	0.371251	1.636508	0.025309	3.8	1.9	13.2
92	-0.147603	-0.147603	-0.279509	6.018500	1.238166	0.476497	1.578243	0.023772	2.8	1.5	8.9
93	-0.137526	-0.137526	-0.223572	6.888029	1.199561	0.515806	1.671120	0.025134	11.6	13.1	30.1
94	-0.140624	-0.140624	-0.263865	6.247925	1.227741	0.461876	1.673744	0.019928	2.6	1.7	11.5
95	-0.137363	-0.137363	-0.240923	5.607870	1.257274	0.649527	1.725585	0.030253	4.3	1.7	10.9
96	-0.149128	-0.149128	-0.270399	4.967789	1.288265	0.604051	1.584166	0.026572	4.6	1.7	11.8
97	-0.143491	-0.143491	-0.281096	4.327781	1.320818	0.800894	1.354980	0.033763	5.1	12.6	28.5
98	-0.150673	-0.150673	-0.281981	3.689143	1.354984	0.789471	1.562887	0.030521	6.0	1.5	13.3
99	-0.158308	-0.158308	-0.272503	4.689143	1.302238	1.133357	1.502686	0.044860	4.4	1.5	11.3
100	-0.157173	-0.157173	-0.281101	4.049039	1.335516	0.535133	1.358317	0.028407	3.3	1.7	10.6
101	-0.136680	-0.136680	-0.242188	5.048784	1.284259	0.256073	1.284117	0.016731	6.6	7.0	22.6
102	-0.146671	-0.146671	-0.248932	4.408681	1.316613	0.655323	1.715120	0.026657	4.1	1.5	14.1
103	-0.151119	-0.151119	-0.278417	5.118070	1.280852	0.699725	1.366048	0.030825	3.1	1.4	9.4
104	-0.144851	-0.144851	-0.281337	6.071985	1.235720	0.578479	1.500056	0.025650	2.8	1.2	9.1
105	-0.146640	-0.146640	-0.252238	6.133100	1.232936	0.604924	1.760146	0.033325	8.0	3.2	16.4
106	-0.146094	-0.146094	-0.284569	5.495334	1.262614	0.525493	1.354997	0.019819	8.7	6.0	22.1
107	-0.134904	-0.134904	-0.216415	4.891433	1.292064	0.359960	1.967577	0.019798	3.2	3.1	13.6
108	-0.170200	-0.170200	-0.274098	4.539763	1.309855	0.514574	1.632284	0.024773	9.2	12.0	29.8
109	-0.145151	-0.145151	-0.279501	3.899659	1.343528	0.300125	1.914802	0.017941	2.7	2.3	12.6
110	-0.151261	-0.151261	-0.272988	3.324558	1.375293	0.598617	1.875839	0.031417	2.9	1.5	11.3
111	-0.145409	-0.145409	-0.235643	3.559301	1.362147	0.480130	2.065488	0.020939	6.3	5.2	16.9
112	-0.153698	-0.153698	-0.271939	4.559301	1.308854	0.569717	1.707383	0.026993	3.0	1.6	10.3
113	-0.153830	-0.153830	-0.275714	4.017265	1.337212	0.539999	1.665020	0.024379	2.8	1.7	9.6
114	-0.154438	-0.154438	-0.283836	3.876606	1.344773	0.423109	1.635938	0.018765	12.7	10.9	30.8
115	-0.164458	-0.164458	-0.313680	3.236520	1.380288	0.367867	1.812561	0.018671	3.0	1.5	10.6
116	-0.150251	-0.150251	-0.289686	3.744033	1.351978	0.598851	1.201458	0.028228	3.3	4.2	14.1
117	-0.158421	-0.158421	-0.304957	3.103929	1.387881	0.573144	1.912063	0.025097	3.4	4.4	17.3
118	-0.153657	-0.153657	-0.264867	2.463825	1.425743	0.265251	1.846163	0.019982	11.2	3.2	20.1
119	-0.151431	-0.151431	-0.291514	1.823836	1.465721	0.486740	1.697357	0.029184	2.7	1.7	10.2
120	-0.146575	-0.146575	-0.253420	2.798894	1.405670	0.426896	1.325404	0.023620	2.7	1.4	9.7
121	-0.163725	-0.163725	-0.273870	3.064755	1.390140	0.327442	1.716056	0.014064	3.1	1.9	10.6
122	-0.145340	-0.145340	-0.250253	2.968719	1.395710	0.645592	1.676331	0.031382	2.4	1.6	9.8
123	-0.155264	-0.155264	-0.256701	2.342144	1.433175	0.306735	1.451586	0.018330	18.2	7.4	31.2
124	-0.146591	-0.146591	-0.243703	3.341257	1.374349	0.490578	1.739075	0.023341	3.3	2.0	13.4
125	-0.136405	-0.136405	-0.236766	2.701154	1.411467	0.596074	1.610190	0.027405	4.0	2.0	15.4
126	-0.146618	-0.146618	-0.233084	2.061067	1.450643	0.675352	1.852930	0.032714	8.5	1.9	16.6
127	-0.137333	-0.137333	-0.223482	1.420963	1.492058	1.005745	2.109097	0.043016	2.8	1.7	11.5
128	-0.159544	-0.159544	-0.257575	0.780860	1.535908	0.395181	1.775240	0.019319	3.2	1.5	13.3
129	-0.170878	-0.170878	-0.298424	1.780829	1.468489	0.552555	1.381756	0.025424	7.8	1.6	22.9
130	-0.162028	-0.162028	-0.254487	2.768555	1.407464	0.554097	1.368532	0.024701	16.7	2.3	24.5
131	-0.169008	-0.169008	-0.283806	3.768555	1.350639	0.575609	1.594850	0.024970	3.9	1.8	11.0
132	-0.138120	-0.138120	-0.255007	3.128464	1.386470	0.519267	1.930857	0.021983	3.7	1.4	10.6
133	-0.159798	-0.159798	-0.267935	2.660980	1.413863	0.522678	1.979318	0.023769	13.7	10.2	29.2
134	-0.155067	-0.155067	-0.268083	3.660823	1.356540	0.383116	1.506910	0.021710	2.8	1.9	12.5
135	-0.150425	-0.150425	-0.262780	3.030184	1.392140	0.520996	1.933514	0.024086	3.0	1.9	10.4
136	-0.157095	-0.157095	-0.270320	4.011445	1.337523	0.691694	1.745611	0.027572	6.2	1.6	14.1
137	-0.161177	-0.161177	-0.275598	3.371346	1.372652	0.411816	1.708760	0.019488	3.1	1.5	11.5
138	-0.157435	-0.157435	-0.271318	2.732318	1.409613	0.558712	1.596299	0.025806	20.0	1.9	30.1
139	-0.158108	-0.158108	-0.259787	3.732274	1.352621	0.554396	1.669363	0.022434	3.6	1.8	10.9
140	-0.157285	-0.157285	-0.279967	4.732274	1.300056	0.471512	1.677447	0.022216	2.6	9.6	17.7
141	-0.160250	-0.160250	-0.267555	5.712870	1.252332	0.462884	2.324342	0.026649	3.5	1.5	10.3
142	-0.138615	-0.138615	-0.258591	6.712837	1.207144	0.470390	1.816770	0.019891	5.4	1.7	12.7
143	-0.161687	-0.161687	-0.240040	6.072734	1.235686	0.314634	2.156778	0.015638	14.4	4.9	26.4
144	-0.167365	-0.167365	-0.288173	5.442209	1.265151	0.473577	1.395191	0.022839	2.7	1.6	10.6
145	-0.167409	-0.167409	-0.255451	4.802406	1.296522	0.319673	1.415312	0.018655	2.8	1.7	9.7
146	-0.182609	-0.182609	-0.299388	4.162347	1.329502	0.495976	1.865093	0.020863	2.7	1.6	18.6
147	-0.156547	-0.156547	-0.260324	5.020107	1.285674	0.455680	1.853995	0.022686	2.9	1.4	9.4
148	-0.153142	-0.153142	-0.273105	6.020106	1.238092	0.563813	1.740012	0.026373	5.8	1.8	14.9
149	-0.163285	-0.163285	-0.319123	5.380055	1.268132	0.465617	1.873344	0.021587	19.9	2.0	29.4
150	-0.147796	-0.147796	-0.255877	4.739951	1.299668	0.438074	1.911989	0.018883	3.5	1.7	10.9
151	-0.161158	-0.161158	-0.250005	5.739122	1.251103	0.531322	1.489501	0.027366	2.9	1.9	10.0
152	-0.172169	-0.172169	-0.305934	5.099019	1.281787	0.456196	2.007720	0.022342	13.4	1.6	20.5
153	-0.160316	-0.160316	-0.284709	4.460158	1.313950	0.593469	1.690774	0.029705	3.2	2.0	11.0
154	-0.151133	-0.151133	-0.277507	3.915115	1.342694	0.490709	1.800006	0.023282	6.8	10.4	24.1
155	-0.161153	-0.161153	-0.278445	3.275012	1.378100	0.638251	1.806175	0.038091	4.6	1.5	13.9
156	-0.168003	-0.168003	-0.257426	2.634908	1.415423	0.637125	1.869309	0.029111	2.7	1.6	10.1
157	-0.168419	-0.168419	-0.289004	3.634908	1.357967	0.525621	1.301536	0.022564	3.3	1.8	11.0
158	-0.145777	-0.145777	-0.251361	2.994804	1.394193	0.837217	1.618956	0.039573	2.8	1.7	15.4
159	-0.164084	-0.164084	-0.263567	2.354700	1.432405	0.626131	1.559506	0.029562	16.9	1.5	26.5
160	-0.165487	-0.165487	-0.276036	3.354700	1.373591	0.522756	1.679788	0.019980	2.9	1.7	11.8
161	-0.159908	-0.159908	-0.263621	2.714664	1.410662	0.462572	1.747982	0.023097	2.7	8.6	18.9
162	-0.169233	-0.169233	-0.298474	3.023039	1.392554	0.957955	1.633897	0.039606	2.5	1.4	11.4
163	-0.165758	-0.165758	-0.290161	4.023039	1.336903	0.513471	1.208199	0.022579	2.5	1.4	8.9
164	-0.148579	-0.148579	-0.243822	5.023039	1.285530	0.369015	1.732864	0.016455	3.4	1.8	12.0
165	-0.158500	-0.158500	-0.273543	4.382936	1.317948	0.540688	1.999448	0.034444	18.8	2.3	27.8
166	-0.152052	-0.152052	-0.253731	5.382173	1.268030	0.577826	1.883280	0.023031	2.7	1.8	13.0
167	-0.164863	-0.164863	-0.301498	4.742094	1.299560	0.545743	1.803188	0.023431	4.0	1.8	10.7
168	-0.158900	-0.158900	-0.260946	4.181546	1.328488	0.891715	1.810483	0.040269	2.9	5.4	17.3
169	-0.163013	-0.163013	-0.278650	3.541457	1.363138	0.658280	1.195708	0.028127	8.2	3.6	17.2
170	-0.165219	-0.165219	-0.292197	2.901385	1.399642	0.561524	1.796052	0.024974	2.5	1.6	9.2
171	-0.157273	-0.157273	-0.289024	3.901385	1.343435	0.639653	2.051221	0.027270	4.3	1.8	14.0
172	-0.157422	-0.157422	-0.311639	3.272015	1.378270	0.829362	1.532521	0.035383	19.7	2.0	28.1
173	-0.150450	-0.150450	-0.291364	2.631911	1.415602	0.830760	1.526984	0.033927	5.6	1.9	12.9
174	-0.152791	-0.152791	-0.284106	3.590302	1.360430	0.563172	2.084053	0.027210	2.7	8.7	16.8
175	-0.168121	-0.168121	-0.272256	2.950204	1.396789	0.665260	1.841725	0.027945	2.9	1.9	9.6
176	-0.171509	-0.171509	-0.283633	3.950204	1.340806	0.402343	1.647107	0.018252	3.0	1.4	9.6
177	-0.170239	-0.170239	-0.302478	4.937373	1.289775	0.478333	1.653936	0.023715	17.5	2.1	24.9
178	-0.167770	-0.167770	-0.253523	4.392586	1.317447	0.464892	1.733501	0.018067	15.5	1.5	26.9
179	-0.163666	-0.163666	-0.295627	5.373410	1.268451	0.560254	1.643587	0.031877	2.8	1.5	10.0
180	-0.144439	-0.144439	-0.273199	4.733306	1.300003	0.311957	1.396894	0.013676	10.9	1.8	20.1
181	-0.153194	-0.153194	-0.278207	4.304981	1.322008	0.611500	1.946287	0.029098	2.6	1.5	9.2
182	-0.155231	-0.155231	-0.251173	5.304961	1.271752	0.352540	1.667010	0.015065	6.5	1.6	13.0
183	-0.160500	-0.160500	-0.272428	5.263241	1.273772	0.402394	1.676870	0.018403	20.5	1.5	29.9
184	-0.172673	-0.172673	-0.278765	6.231991	1.228459	0.540448	1.648576	0.022836	4.5	1.4	13.9
185	-0.165728	-0.165728	-0.265801	7.223600	1.185298	0.543394	1.818471	0.022881	2.9	1.7	10.0
186	-0.173009	-0.173009	-0.307456	8.223595	1.144739	0.450333	1.782259	0.022197	6.4	8.0	23.2
187	-0.143343	-0.143343	-0.261978	7.583493	1.170374	0.594567	1.856219	0.025921	2.6	1.5	9.7
188	-0.156306	-0.156306	-0.264678	6.943946	1.197160	0.685767	1.762302	0.030988	2.5	1.6	11.2
189	-0.173797	-0.173797	-0.298395	6.303858	1.225226	0.492984	1.304122	0.028495	6.7	1.7	13.2
190	-0.161554	-0.161554	-0.279702	7.303854	1.181938	0.403474	1.558626	0.018560	5.1	1.5	14.8
191	-0.164944	-0.164944	-0.261990	6.664152	1.209268	0.562504	1.637461	0.032573	2.9	1.8	11.9
192	-0.160434	-0.160434	-0.271753	7.664150	1.167081	0.359972	2.125758	0.019007	3.3	1.9	13.9
193	-0.161536	-0.161536	-0.248361	8.642580	1.128559	0.650637	1.421464	0.029359	2.9	2.3	13.2
194	-0.174203	-0.174203	-0.304047	8.002476	1.153467	0.509835	1.075291	0.024212	13.0	1.8	20.2
195	-0.155963	-0.155963	-0.288883	9.002402	1.115024	0.575443	1.431881	0.026152	13.1	5.4	23.2
196	-0.157007	-0.157007	-0.302786	8.363397	1.139289	0.556195	1.956534	0.026472	2.8	1.6	11.6
197	-0.161861	-0.161861	-0.254283	7.881150	1.158312	0.594108	1.748379	0.022947	2.9	2.0	9.8
198	-0.166831	-0.166831	-0.289487	7.242721	1.184496	0.494033	1.926165	0.024045	2.5	1.7	9.1
199	-0.172502	-0.172502	-0.242304	8.085725	1.150165	0.406195	1.846118	0.021650	2.8	1.9	9.3
200	-0.159938	-0.159938	-0.306567	7.904621	1.157372	0.405730	1.731539	0.023795	2.6	1.5	11.4
201	-0.167106	-0.167106	-0.253746	8.904613	1.118670	0.405230	1.872118	0.021935	11.4	1.4	17.7
202	-0.163997	-0.163997	-0.273637	9.878800	1.083377	0.591717	2.114555	0.027254	2.5	1.7	9.4
203	-0.165604	-0.165604	-0.287055	9.238697	1.106310	0.855078	1.469727	0.039151	10.8	1.5	19.4
204	-0.173145	-0.173145	-0.280381	8.598717	1.130231	0.370349	1.635980	0.018445	2.9	1.5	9.4
205	-0.160929	-0.160929	-0.285603	7.959058	1.155196	0.327468	1.532239	0.018854	10.5	1.4	17.0
206	-0.160134	-0.160134	-0.262033	8.939218	1.117377	0.516347	1.674223	0.020531	2.5	1.4	9.1
207	-0.150340	-0.150340	-0.259620	8.349183	1.139840	0.323793	1.443648	0.019983	2.3	1.5	8.5
208	-0.155764	-0.155764	-0.280606	7.715302	1.165002	0.418618	1.416414	0.018225	3.7	4.2	12.8
209	-0.162002	-0.162002	-0.257485	7.097409	1.190622	0.357808	1.461625	0.022128	2.5	1.5	8.0
210	-0.152497	-0.152497	-0.271523	8.097401	1.149704	0.449994	1.541520	0.021576	4.8	8.9	18.5
211	-0.163981	-0.163981	-0.242665	7.457297	1.175564	0.253172	1.863087	0.015627	2.6	1.6	9.4
212	-0.157364	-0.157364	-0.275139	8.002409	1.153469	0.703552	1.996516	0.032178	5.7	1.5	12.0
213	-0.164310	-0.164310	-0.307817	8.979010	1.115894	0.276174	1.791510	0.013815	3.9	1.5	9.5
214	-0.162025	-0.162025	-0.282145	8.338918	1.140239	0.473308	1.670129	0.019947	2.4	8.8	16.2
215	-0.142459	-0.142459	-0.244265	7.700851	1.165589	0.375442	1.994726	0.016891	2.7	1.3	9.3
216	-0.166377	-0.166377	-0.273562	8.572659	1.131227	0.516982	1.377379	0.020730	3.2	1.9	8.7
217	-0.159462	-0.159462	-0.289851	7.935838	1.156123	0.587215	1.491894	0.024640	2.3	1.4	9.1
218	-0.148999	-0.148999	-0.248696	7.295737	1.182277	0.431102	1.525891	0.018674	8.8	1.5	16.1
219	-0.170788	-0.170788	-0.285523	7.986979	1.154083	0.320507	1.729844	0.017913	2.4	1.5	9.1
220	-0.156433	-0.156433	-0.284640	7.346949	1.180141	0.271685	1.901731	0.010916	2.5	1.5	9.1
221	-0.159080	-0.159080	-0.260985	7.691937	1.165951	0.553282	2.007502	0.028229	8.6	1.5	17.0
222	-0.148578	-0.148578	-0.247607	8.691163	1.126712	0.488538	1.830935	0.022399	2.5	1.3	6.9
223	-0.176379	-0.176379	-0.323753	8.051059	1.151538	0.706439	1.345387	0.038348	2.4	1.4	6.9
224	-0.145398	-0.145398	-0.258300	9.051059	1.113218	0.408382	1.863826	0.024367	3.8	8.9	17.6
225	-0.146822	-0.146822	-0.278405	8.516806	1.133367	0.542379	1.408312	0.027206	2.6	1.5	9.5
226	-0.162264	-0.162264	-0.280995	9.516806	1.096228	0.355893	1.560328	0.016373	2.7	10.2	19.8
227	-0.172794	-0.172794	-0.294391	9.787636	1.086585	0.808425	1.483161	0.033470	5.7	1.4	12.5
228	-0.173361	-0.173361	-0.301859	9.147533	1.109656	0.516086	1.893196	0.029573	2.8	1.7	9.6
229	-0.158153	-0.158153	-0.271911	10.147533	1.074030	0.382947	1.777458	0.017339	21.1	1.6	27.9
230	-0.151897	-0.151897	-0.269725	11.143547	1.040750	0.660794	1.588383	0.029446	2.8	1.4	11.7
231	-0.167502	-0.167502	-0.276224	12.143463	1.009351	0.629081	1.647502	0.030620	2.6	1.8	9.3
232	-0.168926	-0.168926	-0.319435	13.143463	0.979789	0.553910	1.466784	0.024651	8.8	1.6	17.4
233	-0.163688	-0.163688	-0.257077	12.503359	0.998508	0.325342	1.715495	0.012928	2.9	1.5	9.4
234	-0.157595	-0.157595	-0.278822	13.450066	0.971069	0.539462	2.128454	0.035873	2.6	1.4	10.9
235	-0.157091	-0.157091	-0.260581	14.071315	0.953867	0.511196	1.864205	0.018509	5.9	1.4	14.9
236	-0.164428	-0.164428	-0.289727	13.432131	0.971575	0.564541	1.637908	0.025642	2.5	1.5	9.1
237	-0.158950	-0.158950	-0.274905	12.792028	0.989979	0.458342	1.688377	0.020428	2.6	1.4	8.9
238	-0.163236	-0.163236	-0.274202	13.771235	0.962099	0.363230	1.600517	0.015763	10.9	11.1	27.0
239	-0.160106	-0.160106	-0.276946	13.132308	0.980109	0.372414	1.940719	0.015836	2.7	1.5	8.9
240	-0.178027	-0.178027	-0.293753	14.131981	0.952220	0.346223	1.442248	0.016877	2.7	1.2	8.8
241	-0.149201	-0.149201	-0.294077	15.068359	0.927500	0.658354	2.088590	0.026354	2.7	1.7	11.3
242	-0.163652	-0.163652	-0.284226	14.429384	0.944227	0.740745	1.706878	0.032406	5.7	1.5	12.2
243	-0.158121	-0.158121	-0.305234	13.789305	0.961600	0.602364	1.790964	0.024346	3.1	1.5	7.7
244	-0.158585	-0.158585	-0.299125	13.718234	0.963568	0.293415	1.653454	0.017723	2.6	1.6	8.7
245	-0.157678	-0.157678	-0.289750	14.368424	0.945855	0.301945	2.205085	0.014058	9.0	1.5	15.5
246	-0.155634	-0.155634	-0.283026	14.755911	0.935604	0.678895	2.145564	0.024855	2.3	1.5	7.1
247	-0.173280	-0.173280	-0.294022	15.753084	0.910220	0.601342	1.401955	0.025859	2.4	1.4	6.8
248	-0.161906	-0.161906	-0.269647	16.753083	0.886110	0.647375	1.478781	0.024804	2.8	7.4	13.2
249	-0.159228	-0.159228	-0.258852	17.753082	0.863245	0.857641	1.284742	0.033557	2.7	1.5	8.3
250	-0.171276	-0.171276	-0.294380	18.753082	0.841529	0.579787	1.638519	0.023235	2.6	1.5	8.9
251	-0.163590	-0.163590	-0.286096	18.112978	0.855301	0.405997	1.592469	0.022714	7.6	1.6	15.6
252	-0.161899	-0.161899	-0.293159	17.472897	0.869531	0.224303	1.726661	0.021695	2.5	1.5	8.3
253	-0.158588	-0.158588	-0.265436	16.832794	0.884243	0.404728	1.921442	0.016557	2.4	1.5	7.4
254	-0.162093	-0.162093	-0.292407	17.230111	0.875053	0.577686	1.612198	0.025616	7.1	1.5	13.5
255	-0.161424	-0.161424	-0.279728	16.590260	0.889948	0.565035	1.947242	0.030006	3.3	1.3	9.6
256	-0.168431	-0.168431	-0.295304	15.950161	0.905365	0.588118	1.739754	0.028501	7.2	1.6	13.6
257	-0.152149	-0.152149	-0.272624	16.929828	0.881981	0.492897	1.518423	0.025898	3.6	1.3	10.1
258	-0.165070	-0.165070	-0.279322	16.306875	0.896708	0.546113	1.786550	0.025179	2.4	1.5	8.9
259	-0.165728	-0.165728	-0.304316	17.153434	0.876812	0.484552	1.890823	0.018952	7.6	1.5	13.7
260	-0.151946	-0.151946	-0.269732	17.004125	0.880257	0.479762	1.879496	0.021583	2.6	1.2	9.0
261	-0.160199	-0.160199	-0.279983	18.004104	0.857689	0.439536	1.830122	0.021023	3.7	1.8	10.6
262	-0.157699	-0.157699	-0.274106	17.561688	0.867529	0.561059	1.638237	0.023637	9.5	1.4	16.2
263	-0.147717	-0.147717	-0.252480	18.561398	0.845607	0.694350	2.096542	0.030624	2.7	1.4	9.4
264	-0.162779	-0.162779	-0.271627	18.016424	0.857418	0.429470	1.772126	0.020840	2.6	1.4	9.1
265	-0.154637	-0.154637	-0.260427	17.486331	0.869228	0.587973	2.043031	0.023645	20.4	1.6	27.0
266	-0.160509	-0.160509	-0.276676	18.475506	0.847447	0.587011	1.667967	0.027853	3.0	1.7	11.8
267	-0.165927	-0.165927	-0.319250	19.475506	0.826509	0.720774	1.806688	0.036251	2.6	1.5	9.3
268	-0.173330	-0.173330	-0.307770	18.835402	0.839790	0.490045	1.450868	0.024906	2.6	1.6	8.4
269	-0.139174	-0.139174	-0.247315	19.835402	0.819225	0.435736	1.973170	0.026291	6.5	1.6	16.2
270	-0.160392	-0.160392	-0.264163	19.271605	0.830694	0.657738	1.632801	0.025073	3.9	1.5	10.7
271	-0.164068	-0.164068	-0.269823	20.271605	0.810567	0.668785	1.887945	0.030076	8.4	3.2	21.8
272	-0.145549	-0.145549	-0.279531	21.271595	0.791392	0.328298	1.643176	0.016668	10.9	1.4	17.2
273	-0.160461	-0.160461	-0.246798	20.631770	0.803554	0.500540	1.664739	0.024926	3.5	1.4	10.0
274	-0.139743	-0.139743	-0.264036	21.631761	0.784706	0.261918	1.859229	0.013238	8.8	1.4	15.2
275	-0.174267	-0.174267	-0.285017	22.631587	0.766724	0.418826	1.936379	0.017979	2.8	1.5	10.7
276	-0.154041	-0.154041	-0.284319	21.993786	0.778098	0.349388	1.819902	0.014235	7.2	1.5	14.3
277	-0.167035	-0.167035	-0.280509	21.360419	0.789732	0.450352	1.843972	0.019938	3.7	1.5	10.5
278	-0.172703	-0.172703	-0.290531	20.725618	0.801747	0.544002	1.905526	0.023168	3.3	6.7	15.2
279	-0.179308	-0.179308	-0.290018	20.227606	0.811432	0.611580	1.658366	0.023527	3.5	1.9	10.4
280	-0.169833	-0.169833	-0.283410	19.680312	0.822348	0.707021	1.350540	0.033358	8.7	1.9	15.8
281	-0.160238	-0.160238	-0.265629	20.680312	0.802618	0.684674	1.631215	0.030305	3.1	1.8	10.1
282	-0.149151	-0.149151	-0.251633	21.619801	0.784926	0.533014	2.056914	0.024861	2.9	7.1	15.3
283	-0.165816	-0.165816	-0.291224	21.280858	0.791218	0.456346	1.403756	0.023278	2.9	1.3	9.3
284	-0.155305	-0.155305	-0.281014	20.647137	0.803258	0.543836	1.570598	0.034439	2.9	1.6	9.7
285	-0.153178	-0.153178	-0.267869	21.319158	0.790502	0.411501	1.469698	0.019343	7.1	1.3	12.9
286	-0.142295	-0.142295	-0.283700	20.679054	0.802643	0.658000	1.638700	0.027232	2.5	1.5	9.0
287	-0.169419	-0.169419	-0.281597	21.679025	0.783837	0.497316	1.678423	0.029909	2.5	1.6	8.7
288	-0.135958	-0.135958	-0.278332	21.038921	0.795772	0.297777	1.712627	0.014508	10.9	1.6	17.4
289	-0.156756	-0.156756	-0.284478	22.038921	0.777282	0.561497	1.832977	0.023919	4.4	2.0	11.8
290	-0.177178	-0.177178	-0.295771	21.398817	0.789017	0.415298	2.077498	0.023427	2.9	2.0	10.5
291	-0.155830	-0.155830	-0.253398	20.758716	0.801111	0.761901	1.742548	0.031529	10.5	2.2	17.9
292	-0.165400	-0.165400	-0.276042	20.118625	0.813582	0.726606	1.913028	0.029829	3.3	1.5	10.6
293	-0.162125	-0.162125	-0.292235	21.118591	0.794267	0.458345	1.517652	0.024349	11.0	1.7	19.9
294	-0.151537	-0.151537	-0.261206	22.118591	0.775846	0.562218	1.829554	0.026795	8.5	1.5	15.1
295	-0.151984	-0.151984	-0.254081	23.118591	0.758261	0.463444	1.484264	0.027342	3.5	2.0	10.8
296	-0.166049	-0.166049	-0.280624	24.117291	0.741476	0.810789	1.940474	0.032645	9.9	1.7	18.2
297	-0.161437	-0.161437	-0.251644	23.477187	0.752147	0.844323	1.856338	0.034377	8.7	1.6	15.3
298	-0.164449	-0.164449	-0.278140	22.837084	0.763130	0.554057	2.212241	0.024837	2.7	1.5	8.9
299	-0.166998	-0.166998	-0.286552	22.197258	0.774433	0.590792	1.434913	0.026817	2.7	7.0	14.7
300	-0.151683	-0.151683	-0.272416	21.673892	0.783931	0.368869	1.541412	0.016145	2.9	1.4	9.2
301	-0.165497	-0.165497	-0.284380	22.673780	0.765983	0.539084	1.756559	0.025655	9.1	1.5	15.5
302	-0.152143	-0.152143	-0.268550	23.561964	0.750716	0.500514	1.802988	0.030002	2.8	1.4	9.0
303	-0.160446	-0.160446	-0.263777	24.561964	0.734239	0.636077	1.739755	0.025868	2.5	1.4	8.8
304	-0.162661	-0.162661	-0.282232	25.561962	0.718470	0.704941	1.875323	0.035573	7.0	1.5	13.4
305	-0.167330	-0.167330	-0.283882	24.921858	0.728485	0.308849	1.294892	0.015171	2.3	1.2	9.2
306	-0.166650	-0.166650	-0.298274	24.281754	0.738783	0.617028	2.132149	0.030370	2.4	1.4	7.1
307	-0.166979	-0.166979	-0.284915	25.215398	0.723858	0.452386	1.710795	0.022115	3.4	8.0	16.5
308	-0.160753	-0.160753	-0.280991	26.215398	0.708527	0.871895	1.938034	0.035883	2.7	1.4	9.3
309	-0.160266	-0.160266	-0.268732	25.575294	0.718265	0.397413	1.836996	0.018528	8.1	1.5	16.0
310	-0.149382	-0.149382	-0.281357	24.935191	0.728274	0.492648	1.351537	0.026616	2.2	1.3	6.9
311	-0.160433	-0.160433	-0.275937	25.935183	0.712757	0.643697	1.707827	0.026381	2.7	1.5	10.9
312	-0.151952	-0.151952	-0.258805	25.295079	0.722612	0.678498	1.529750	0.031777	2.6	1.4	6.9
313	-0.162539	-0.162539	-0.276285	24.655185	0.732740	0.763676	2.003900	0.031882	2.5	5.9	15.8
314	-0.177052	-0.177052	-0.304290	24.015110	0.743159	0.300267	1.676402	0.014384	2.4	1.2	8.6
315	-0.166245	-0.166245	-0.268757	25.015110	0.727009	0.599165	1.693416	0.028947	2.2	1.3	8.0
316	-0.156238	-0.156238	-0.260441	26.015103	0.711546	0.457590	1.983453	0.023642	2.5	7.3	16.6
317	-0.158525	-0.158525	-0.279840	25.388826	0.721152	0.633707	1.903047	0.027108	2.5	1.5	11.2
318	-0.157734	-0.157734	-0.297966	26.388826	0.705934	0.481436	1.411801	0.021074	6.7	1.7	13.9
319	-0.157708	-0.157708	-0.278691	25.748722	0.715600	0.259042	1.771510	0.014922	3.6	1.6	11.8
320	-0.161648	-0.161648	-0.312199	26.737294	0.700781	0.392497	1.305867	0.022930	8.9	3.0	20.0
321	-0.158215	-0.158215	-0.269639	27.733726	0.686452	0.449885	1.868118	0.019178	2.5	1.5	8.7
322	-0.149114	-0.149114	-0.292013	28.733586	0.672652	0.283911	1.580289	0.017192	10.0	1.7	16.1
323	-0.171123	-0.171123	-0.299097	28.096733	0.681377	0.695317	1.739473	0.029115	3.0	1.4	11.2
324	-0.164146	-0.164146	-0.271739	29.096560	0.667778	0.525416	1.894270	0.025280	2.7	1.6	9.3
325	-0.152306	-0.152306	-0.278736	28.544367	0.675221	0.563242	2.170853	0.022137	18.7	12.0	36.0
326	-0.165645	-0.165645	-0.290385	27.904266	0.684059	0.309444	1.753092	0.015750	2.9	1.9	9.9
327	-0.159424	-0.159424	-0.274648	27.277712	0.692936	0.323024	1.536841	0.016060	2.6	1.6	9.4
328	-0.165649	-0.165649	-0.291588	26.937318	0.697857	0.478268	1.780116	0.020576	7.7	1.4	14.2
329	-0.183023	-0.183023	-0.317774	26.372237	0.706181	0.438726	1.681775	0.020043	2.4	1.3	6.7
330	-0.172057	-0.172057	-0.284045	27.370468	0.691608	0.693576	1.839205	0.031070	2.4	1.5	8.3
331	-0.155391	-0.155391	-0.259654	27.906503	0.684027	0.699522	1.375077	0.033850	8.6	1.9	15.5
332	-0.152373	-0.152373	-0.267024	27.266400	0.693099	0.616938	1.861321	0.035811	2.2	1.4	8.1
333	-0.157633	-0.157633	-0.290654	28.266400	0.679030	0.435240	1.907428	0.028565	3.0	1.6	10.4
334	-0.158703	-0.158703	-0.273454	29.266400	0.665522	0.515014	1.889249	0.022146	8.8	1.8	15.8
335	-0.172201	-0.172201	-0.282705	30.089988	0.654793	0.764745	1.715119	0.037612	2.7	1.4	9.0
336	-0.143858	-0.143858	-0.257408	31.089988	0.642223	0.521220	1.953432	0.022677	2.3	1.4	6.6
337	-0.155856	-0.155856	-0.264656	32.089988	0.630126	0.429309	1.651637	0.019943	2.5	7.6	16.7
338	-0.137134	-0.137134	-0.265033	33.089459	0.618483	0.263052	1.596925	0.016186	2.5	1.7	10.8
339	-0.162828	-0.162828	-0.276749	34.079554	0.607365	0.653459	1.789009	0.028373	9.1	1.7	15.5
340	-0.167507	-0.167507	-0.291978	33.439461	0.614506	0.301548	1.665479	0.018106	2.5	1.4	8.0
341	-0.150004	-0.150004	-0.277779	34.439461	0.603422	0.823313	1.826681	0.036062	2.9	1.5	9.4
342	-0.169039	-0.169039	-0.284996	33.799360	0.610470	0.503458	1.902385	0.020566	7.1	1.3	12.8
343	-0.159015	-0.159015	-0.257309	33.514170	0.613664	0.331067	1.385889	0.025401	2.2	1.2	6.5
344	-0.180097	-0.180097	-0.317188	32.874141	0.620954	0.496341	1.310188	0.025725	2.5	1.5	8.7
345	-0.154695	-0.154695	-0.257564	33.874141	0.609638	0.464518	1.851793	0.022828	2.4	7.3	15.0
346	-0.161341	-0.161341	-0.279671	34.874141	0.598728	0.536683	2.035046	0.027092	2.6	1.4	8.8
347	-0.163528	-0.163528	-0.280900	34.252344	0.605465	0.435000	1.451036	0.021085	2.7	1.6	7.3
348	-0.163337	-0.163337	-0.256385	33.612244	0.612562	0.680286	1.960962	0.030108	2.5	1.6	9.0
349	-0.164299	-0.164299	-0.263817	34.479419	0.602987	0.498583	1.616318	0.021748	8.1	1.8	13.5
350	-0.167782	-0.167782	-0.285754	33.839323	0.610026	0.687655	1.636495	0.037204	3.4	1.7	8.3
351	-0.151243	-0.151243	-0.264304	34.839323	0.599101	0.402109	1.440082	0.018193	2.1	1.4	6.4
352	-0.164334	-0.164334	-0.259867	35.477817	0.592328	0.903216	1.806603	0.036329	2.9	7.3	12.9
353	-0.163398	-0.163398	-0.286625	34.900108	0.598449	0.748270	2.164038	0.033747	2.3	1.6	8.8
354	-0.161745	-0.161745	-0.270967	34.896593	0.598487	0.439658	1.890042	0.020065	2.5	1.5	9.1
355	-0.174010	-0.174010	-0.290847	34.258219	0.605401	0.529064	1.632899	0.028208	2.8	1.8	9.8
356	-0.165268	-0.165268	-0.286923	35.252293	0.594703	0.452574	1.623901	0.023562	8.9	2.0	17.9
357	-0.149539	-0.149539	-0.272559	35.482126	0.592283	0.616103	1.662123	0.027119	3.5	1.7	11.1
358	-0.162159	-0.162159	-0.253810	36.482126	0.581979	0.402935	1.773781	0.020401	3.0	1.5	9.6
359	-0.157870	-0.157870	-0.281087	37.482126	0.572028	0.377220	2.155929	0.019182	10.2	1.7	17.2
360	-0.156537	-0.156537	-0.219013	36.842058	0.578357	0.307574	1.832783	0.021416	2.6	1.6	9.1
361	-0.157382	-0.157382	-0.260756	37.483944	0.572010	0.657961	1.617862	0.030654	8.1	1.6	14.2
362	-0.174732	-0.174732	-0.275705	38.479142	0.562439	0.244478	1.767186	0.014057	2.7	1.7	9.3
363	-0.149756	-0.149756	-0.260912	37.839042	0.568558	0.363096	1.543901	0.014375	2.8	7.5	15.4
364	-0.165235	-0.165235	-0.263949	38.803993	0.559384	0.639923	1.756987	0.027867	2.4	1.5	8.8
365	-0.156328	-0.156328	-0.284146	39.803030	0.550193	0.403969	1.697472	0.020895	2.7	1.3	8.8
366	-0.165144	-0.165144	-0.285375	39.917722	0.549157	0.400604	2.073980	0.016904	6.4	1.5	12.7
367	-0.153170	-0.153170	-0.266113	40.915899	0.540304	0.372881	1.499175	0.015349	2.9	1.4	9.4
368	-0.140063	-0.140063	-0.273987	41.907454	0.531787	0.439077	2.421007	0.022390	6.8	1.5	12.9
369	-0.163755	-0.163755	-0.313358	42.907319	0.523467	0.584582	1.550741	0.025142	2.8	1.6	8.7
370	-0.161721	-0.161721	-0.297951	42.272604	0.528718	0.518925	2.168999	0.020805	2.7	1.5	9.3
371	-0.158867	-0.158867	-0.278763	41.632500	0.534122	0.645152	2.024404	0.029879	6.5	1.4	13.3
372	-0.153332	-0.153332	-0.257540	41.733199	0.533264	0.622541	2.007194	0.027710	2.4	1.6	8.9
373	-0.157498	-0.157498	-0.287249	42.733198	0.524897	0.409911	1.840982	0.021121	8.0	1.3	14.3
374	-0.160691	-0.160691	-0.261011	42.093094	0.530223	0.560357	2.300201	0.024652	2.4	1.4	8.8
375	-0.150355	-0.150355	-0.265288	43.092154	0.521958	0.487622	1.950804	0.020069	2.6	1.4	8.9
376	-0.143342	-0.143342	-0.260941	43.792658	0.516314	0.633359	1.997087	0.028019	8.5	1.5	17.0
377	-0.149725	-0.149725	-0.269626	44.792658	0.508467	0.196647	1.967117	0.010139	2.5	1.5	10.3
378	-0.162973	-0.162973	-0.296666	45.509678	0.502985	0.548584	1.556360	0.024992	3.2	1.6	9.4
379	-0.170737	-0.170737	-0.296500	46.223447	0.497645	0.397590	1.952481	0.025778	6.8	1.6	13.2
380	-0.147572	-0.147572	-0.225567	47.205922	0.490476	0.631649	2.403225	0.025887	2.2	1.4	9.7
381	-0.157912	-0.157912	-0.287323	48.205922	0.483389	0.595054	1.131964	0.028106	2.5	1.4	8.6
382	-0.169548	-0.169548	-0.272690	47.565818	0.487902	0.532193	1.853710	0.021300	7.2	1.5	14.0
383	-0.168038	-0.168038	-0.288577	48.565818	0.480888	0.540871	1.886811	0.029185	2.4	1.5	8.5
384	-0.152628	-0.152628	-0.247308	49.565818	0.474074	0.362015	1.635408	0.020668	2.6	1.7	9.1
385	-0.159030	-0.159030	-0.290423	48.965314	0.478142	0.588635	1.772473	0.030970	7.8	1.4	14.3
386	-0.160425	-0.160425	-0.263241	49.438247	0.474932	0.350566	1.559216	0.022002	2.6	1.7	9.2
387	-0.169310	-0.169310	-0.315173	50.388808	0.468608	0.340161	1.491948	0.019976	8.2	1.6	14.9
388	-0.169214	-0.169214	-0.261221	51.388808	0.462135	0.765350	1.610786	0.035510	2.4	1.4	9.3
389	-0.161118	-0.161118	-0.273867	52.388807	0.455838	0.212515	1.899971	0.015145	2.5	1.4	8.8
390	-0.160288	-0.160288	-0.301253	51.748762	0.459848	0.630036	1.964296	0.030678	9.2	1.6	14.2
391	-0.175638	-0.175638	-0.271703	52.725620	0.453755	0.731227	1.519720	0.031231	3.0	1.8	9.4
392	-0.168175	-0.168175	-0.280936	52.085516	0.457729	0.348110	1.750476	0.014206	2.8	1.3	10.2
393	-0.147469	-0.147469	-0.300825	51.445425	0.461774	0.353495	1.600584	0.016494	9.1	1.4	15.0
394	-0.161759	-0.161759	-0.273062	50.822075	0.465781	0.538637	1.595612	0.023031	2.6	1.7	11.2
395	-0.158922	-0.158922	-0.293056	51.328885	0.462518	0.542370	1.758060	0.025698	2.7	1.5	10.9
396	-0.165729	-0.165729	-0.265194	50.689660	0.466642	0.801092	1.949241	0.036734	5.6	1.4	10.2
397	-0.141940	-0.141940	-0.262173	51.689659	0.460222	0.631984	2.289022	0.027962	2.6	1.5	10.5
398	-0.152378	-0.152378	-0.274261	52.689659	0.453977	0.267296	1.573434	0.018505	7.9	1.5	14.1
399	-0.170234	-0.170234	-0.263044	52.049555	0.457955	0.532214	1.502571	0.021443	2.6	1.6	8.9
400	-0.165941	-0.165941	-0.309360	52.957311	0.452334	0.739189	1.651447	0.033833	3.0	1.6	9.5
401	-0.171560	-0.171560	-0.295930	53.957311	0.446299	0.543161	2.164123	0.024249	7.3	1.4	13.2
402	-0.160373	-0.160373	-0.271070	54.952189	0.440453	0.366557	1.712039	0.019093	2.5	1.7	10.1
403	-0.163141	-0.163141	-0.271454	55.952189	0.434730	0.277092	1.976987	0.013917	2.5	1.5	9.1
404	-0.160802	-0.160802	-0.277113	56.920830	0.429325	0.548587	1.723103	0.022950	7.5	1.6	13.1
405	-0.168118	-0.168118	-0.308952	57.883809	0.424084	0.344105	1.754461	0.017721	2.7	1.3	10.5
406	-0.176987	-0.176987	-0.288892	57.246635	0.427538	0.312803	2.063647	0.014979	8.3	1.8	14.9
407	-0.148341	-0.148341	-0.268936	56.608857	0.431051	0.410296	1.901250	0.020281	2.5	1.4	8.8
408	-0.163406	-0.163406	-0.261063	56.214353	0.433253	0.578532	1.892783	0.022929	2.8	1.6	9.0
409	-0.171583	-0.171583	-0.279093	55.617153	0.436631	0.485840	1.743754	0.026109	8.0	1.4	14.5
410	-0.157018	-0.157018	-0.295880	56.617153	0.431005	0.386160	1.748899	0.021655	2.5	1.4	8.9
411	-0.163082	-0.163082	-0.267173	56.019153	0.434352	0.747094	1.529139	0.031815	3.0	1.5	9.4
412	-0.155781	-0.155781	-0.263281	55.379208	0.437991	0.726169	1.690289	0.029650	7.4	1.5	13.7
413	-0.172281	-0.172281	-0.296959	54.739104	0.441692	0.283576	1.699928	0.019873	3.1	1.4	11.7
414	-0.173904	-0.173904	-0.289610	54.105155	0.445421	0.469486	1.675514	0.021222	2.6	1.5	9.3
415	-0.164390	-0.164390	-0.283622	53.580538	0.448554	0.480351	2.106224	0.027055	8.1	1.5	14.7
416	-0.157887	-0.157887	-0.237483	54.580538	0.442619	0.488656	1.955209	0.024564	2.6	1.5	9.6
417	-0.149843	-0.149843	-0.243337	55.580538	0.436839	0.422454	1.734757	0.019885	2.3	1.5	10.8
418	-0.163175	-0.163175	-0.302093	56.440856	0.431986	0.578595	1.603950	0.029849	4.8	1.3	11.0
419	-0.170749	-0.170749	-0.268950	57.440853	0.426479	0.384505	1.619465	0.019062	2.4	1.6	9.2
420	-0.167414	-0.167414	-0.286325	56.848052	0.429727	0.759282	1.609386	0.035256	2.9	1.5	11.5
421	-0.177351	-0.177351	-0.321500	56.208914	0.433284	0.481851	2.108470	0.023953	8.5	1.6	20.8
422	-0.153852	-0.153852	-0.260476	57.207994	0.427749	0.467058	1.507866	0.021007	3.2	1.7	11.3
423	-0.160256	-0.160256	-0.285115	58.207657	0.422350	0.495601	1.451545	0.022208	2.7	1.6	9.4
424	-0.173314	-0.173314	-0.288360	57.567817	0.425790	0.360242	1.641064	0.022791	7.0	2.9	15.1
425	-0.160842	-0.160842	-0.284147	58.567817	0.420439	0.224978	1.477346	0.009829	2.9	1.4	9.4
426	-0.168041	-0.168041	-0.278234	58.326129	0.421720	0.375049	1.417821	0.019226	8.2	1.6	16.2
427	-0.165114	-0.165114	-0.278166	57.716087	0.424988	0.788300	2.045752	0.040703	2.5	1.6	9.6
428	-0.142597	-0.142597	-0.244375	58.716087	0.419657	0.345755	1.428759	0.014063	8.9	1.6	15.7
429	-0.157659	-0.157659	-0.259642	58.078866	0.423038	0.845769	1.910948	0.038014	2.5	1.4	9.4
430	-0.159865	-0.159865	-0.270654	59.020092	0.418062	0.540797	1.876950	0.023066	2.7	1.7	9.7
431	-0.148318	-0.148318	-0.255758	60.020092	0.412902	0.659586	2.025244	0.029558	7.4	1.5	14.4
432	-0.162213	-0.162213	-0.261703	61.020092	0.407868	0.708672	1.594409	0.031348	2.4	1.5	9.0
433	-0.162666	-0.162666	-0.314146	62.020092	0.402955	0.432081	1.468294	0.017439	2.4	1.5	8.2
434	-0.161047	-0.161047	-0.264282	63.019980	0.398160	0.396146	1.943376	0.020232	7.9	1.6	14.6
435	-0.177168	-0.177168	-0.306260	62.379908	0.401216	0.413215	1.510054	0.021267	2.5	1.6	7.1
436	-0.159904	-0.159904	-0.258369	61.739805	0.404320	0.460052	1.916173	0.023315	2.8	1.6	9.5
437	-0.159875	-0.159875	-0.283147	62.295981	0.401621	0.477528	1.494759	0.020466	10.6	1.4	17.8
438	-0.153686	-0.153686	-0.273784	63.287223	0.396897	0.439462	1.336588	0.022607	2.6	1.6	9.8
439	-0.153658	-0.153658	-0.250556	63.602275	0.395419	0.422235	1.856877	0.017050	12.2	1.6	18.9
440	-0.165361	-0.165361	-0.258814	64.595346	0.390832	0.807495	1.534673	0.034785	10.6	1.3	17.4
441	-0.150398	-0.150398	-0.265456	65.592371	0.386332	0.619210	1.920155	0.025684	2.4	1.5	9.2
442	-0.150869	-0.150869	-0.285392	66.399620	0.382764	0.400464	1.658610	0.024991	2.5	1.6	9.2
443	-0.162779	-0.162779	-0.280276	65.902316	0.384954	0.361070	1.834753	0.018754	8.6	2.2	17.5
444	-0.162069	-0.162069	-0.277753	66.902270	0.380575	0.615181	1.539286	0.026100	4.0	1.3	10.7
445	-0.177286	-0.177286	-0.300944	66.262166	0.383366	0.756877	1.441349	0.033373	3.0	7.0	16.6
446	-0.164810	-0.164810	-0.250533	67.262163	0.379023	0.482093	1.534107	0.021393	2.6	1.4	9.5
447	-0.165923	-0.165923	-0.299828	68.255785	0.374804	0.653828	1.574531	0.027602	2.8	1.4	18.8
448	-0.170113	-0.170113	-0.276988	69.255725	0.370651	0.564013	1.542261	0.033392	3.6	1.6	10.7
449	-0.161306	-0.161306	-0.274587	68.616478	0.373295	0.302761	1.842125	0.024609	2.4	1.5	8.9
450	-0.162325	-0.162325	-0.270288	69.616478	0.369176	0.505632	1.681120	0.022218	2.3	1.7	9.0
451	-0.168343	-0.168343	-0.304577	70.616441	0.365146	0.440508	1.700760	0.026676	12.0	12.7	31.3
452	-0.153796	-0.153796	-0.290350	70.041316	0.367453	0.637248	1.872573	0.026214	2.5	2.0	9.7
453	-0.163352	-0.163352	-0.286594	69.401273	0.370054	0.711774	1.527193	0.031356	3.8	1.8	11.0
454	-0.151949	-0.151949	-0.249323	70.399417	0.366013	0.620708	1.945389	0.031055	3.0	1.5	9.8
455	-0.156208	-0.156208	-0.266576	69.759313	0.368595	0.577528	1.924139	0.022725	6.1	4.0	22.0
456	-0.150200	-0.150200	-0.269559	70.759313	0.364578	0.468332	1.895102	0.018900	12.9	2.3	22.3
457	-0.162737	-0.162737	-0.282755	71.002461	0.363614	0.415523	1.609095	0.016913	2.7	1.4	11.8
458	-0.158748	-0.158748	-0.275602	71.994995	0.359733	0.244505	1.660215	0.011386	11.0	2.2	18.6
459	-0.172688	-0.172688	-0.272766	72.990799	0.355922	0.493864	1.760899	0.024203	4.3	1.7	11.9
460	-0.164170	-0.164170	-0.270330	73.791464	0.352916	0.513620	1.965254	0.027398	2.5	21.3	29.6
461	-0.164918	-0.164918	-0.298954	74.791464	0.349231	0.470648	1.790960	0.022888	3.4	1.9	10.5
462	-0.150978	-0.150978	-0.275358	75.791464	0.345623	0.388384	1.340557	0.016640	3.2	1.8	13.4
463	-0.152076	-0.152076	-0.270957	76.363696	0.343592	0.455873	2.158419	0.022092	2.6	1.6	9.5
464	-0.159149	-0.159149	-0.273648	75.731837	0.345836	0.691533	2.078715	0.028786	9.6	2.1	17.1
465	-0.165056	-0.165056	-0.269683	75.174869	0.347839	0.370371	1.376048	0.020823	3.1	1.4	10.1
466	-0.154261	-0.154261	-0.279900	74.534765	0.350170	0.594899	1.792984	0.028232	2.6	1.6	9.1
467	-0.156475	-0.156475	-0.273649	73.894662	0.352532	0.444057	1.592470	0.028846	24.6	2.5	32.4
468	-0.169529	-0.169529	-0.289211	73.254558	0.354926	0.451641	1.355260	0.024846	3.1	1.6	12.0
469	-0.146557	-0.146557	-0.253722	74.187534	0.351447	0.411574	1.528168	0.023614	2.9	1.5	9.1
470	-0.160340	-0.160340	-0.260109	73.549825	0.353818	0.354649	1.597493	0.015206	10.2	1.4	19.6
471	-0.164904	-0.164904	-0.314473	72.910265	0.356227	0.653778	1.601938	0.035387	3.1	1.5	9.4
472	-0.152353	-0.152353	-0.275917	72.289494	0.358598	0.630148	1.683080	0.026021	2.7	21.8	29.7
473	-0.161111	-0.161111	-0.266629	72.886197	0.356318	0.415373	1.753318	0.019643	3.6	1.4	13.6
474	-0.159484	-0.159484	-0.241218	73.866025	0.352638	0.716387	1.878279	0.033575	3.2	10.9	19.3
475	-0.156746	-0.156746	-0.261343	74.755063	0.349364	0.370733	1.260021	0.020485	2.7	1.5	12.7
476	-0.165324	-0.165324	-0.290431	75.755063	0.345753	0.536495	1.664387	0.029061	27.2	2.0	36.7
477	-0.170371	-0.170371	-0.246283	75.114960	0.348056	0.513968	1.754040	0.021870	4.8	2.4	14.6
478	-0.162490	-0.162490	-0.275168	75.790391	0.345627	0.375416	1.958421	0.023519	5.6	1.7	15.6
479	-0.161280	-0.161280	-0.278878	75.150288	0.347928	0.414330	2.022965	0.015513	7.6	4.7	17.7
480	-0.163519	-0.163519	-0.280615	74.849396	0.349020	0.564244	1.343141	0.024819	10.2	2.6	21.2
481	-0.161122	-0.161122	-0.277023	74.212467	0.351355	0.492349	1.766670	0.020593	3.9	2.1	10.9
482	-0.153176	-0.153176	-0.259152	75.212287	0.347704	0.786468	1.723205	0.035173	4.2	2.0	11.5
483	-0.187146	-0.187146	-0.304571	76.209537	0.344137	0.593636	1.938979	0.030809	15.7	2.1	23.0
484	-0.158579	-0.158579	-0.288835	75.569433	0.346418	0.541775	2.097974	0.024117	25.6	2.0	32.8
485	-0.178430	-0.178430	-0.318568	76.255880	0.343973	0.516233	1.515946	0.022728	5.2	1.9	13.6
486	-0.161812	-0.161812	-0.279267	77.224231	0.340582	0.475189	1.771708	0.021679	3.6	6.7	18.5
487	-0.149455	-0.149455	-0.284318	76.584225	0.342816	0.600354	1.789270	0.026239	3.8	1.5	10.2
488	-0.160265	-0.160265	-0.269722	75.944123	0.345079	0.559106	2.118167	0.025679	2.9	1.6	9.7
489	-0.159403	-0.159403	-0.280391	75.326418	0.347292	0.715287	1.778217	0.030015	3.4	1.3	10.0
490	-0.155946	-0.155946	-0.269446	74.748228	0.349389	0.465176	1.644577	0.022795	3.5	1.9	19.1
491	-0.159212	-0.159212	-0.309699	74.108124	0.351741	0.442282	1.605865	0.020210	12.3	1.4	21.7
492	-0.170382	-0.170382	-0.275882	75.088415	0.348152	0.638543	1.591258	0.028944	4.2	2.1	11.1
493	-0.150887	-0.150887	-0.274511	74.448312	0.350487	0.688795	1.984956	0.029773	4.1	2.5	16.2
494	-0.137129	-0.137129	-0.251017	75.448311	0.346853	0.423368	1.843643	0.018713	4.7	1.9	12.9
495	-0.166566	-0.166566	-0.258253	74.808216	0.349170	0.490977	1.737171	0.019707	2.6	1.4	9.1
496	-0.160593	-0.160593	-0.263240	74.168630	0.351517	0.599764	1.575656	0.027564	2.9	1.4	9.4
497	-0.175346	-0.175346	-0.290431	75.168629	0.347862	0.378902	1.525983	0.016652	20.6	1.8	29.5
498	-0.169262	-0.169262	-0.298038	74.772642	0.349300	0.493770	1.879176	0.019999	2.4	1.7	11.5
499	-0.163316	-0.163316	-0.277813	74.132552	0.351650	0.437647	1.999022	0.022478	5.7	5.3	15.9
500	-0.158966	-0.158966	-0.260474	75.088719	0.348151	0.476877	1.865254	0.019925	2.5	1.5	9.2
501	-0.158056	-0.158056	-0.266179	76.081054	0.344592	0.764271	1.787322	0.031948	2.7	6.7	17.2
502	-0.166847	-0.166847	-0.294629	75.440990	0.346879	0.496884	1.939325	0.028591	2.8	1.8	9.0
503	-0.155341	-0.155341	-0.256801	76.439738	0.343324	0.394779	1.454009	0.021747	3.0	2.0	11.0
504	-0.163089	-0.163089	-0.264078	77.439738	0.339836	0.468772	1.736291	0.023328	8.3	1.6	15.0
505	-0.158326	-0.158326	-0.272785	78.439723	0.336419	0.510843	1.553865	0.027301	2.9	1.4	9.0
506	-0.148383	-0.148383	-0.271167	79.439439	0.333070	0.396537	1.999852	0.015890	6.8	1.9	13.9
507	-0.169983	-0.169983	-0.259524	80.439231	0.329787	0.394820	1.671928	0.026505	2.7	1.3	9.5
508	-0.157859	-0.157859	-0.251794	79.878495	0.331621	0.503530	2.011929	0.031840	7.2	1.7	13.3
509	-0.160038	-0.160038	-0.292015	79.238391	0.333738	0.548183	1.191536	0.021754	2.6	1.7	10.9
510	-0.165939	-0.165939	-0.272542	80.238391	0.330442	0.457394	1.492221	0.023368	5.9	1.4	12.4
511	-0.171540	-0.171540	-0.312254	81.234569	0.327222	0.259824	1.697695	0.013164	3.2	1.5	10.5
512	-0.166235	-0.166235	-0.293556	80.594483	0.329283	0.482610	1.724105	0.023139	2.8	1.7	15.8
513	-0.168241	-0.168241	-0.292451	81.594466	0.326074	0.356625	1.174647	0.016641	3.0	1.5	9.9
514	-0.152796	-0.152796	-0.277315	82.594067	0.322928	0.361382	1.675342	0.020250	2.3	1.3	9.2
515	-0.160087	-0.160087	-0.243922	81.982105	0.324847	0.547190	1.906190	0.026110	3.0	7.1	14.7
516	-0.162116	-0.162116	-0.276302	82.982103	0.321723	0.708575	1.791267	0.028256	2.6	1.3	10.9
517	-0.166148	-0.166148	-0.283709	83.530316	0.320035	0.278688	1.690485	0.020616	3.5	8.2	16.7
518	-0.170019	-0.170019	-0.287723	84.525540	0.317017	0.649503	1.672541	0.025833	3.3	1.9	9.9
519	-0.164919	-0.164919	-0.278164	83.888428	0.318943	0.546252	1.663601	0.029510	2.2	1.6	8.7
520	-0.152486	-0.152486	-0.275855	83.248325	0.320901	0.272695	1.673528	0.013662	8.4	2.1	15.7
521	-0.155558	-0.155558	-0.266943	82.608627	0.322882	0.327054	1.837940	0.021164	3.1	2.0	11.0
522	-0.157112	-0.157112	-0.266732	83.606419	0.319802	0.493386	1.359799	0.019077	7.7	1.4	13.8
523	-0.168069	-0.168069	-0.309704	82.975572	0.321743	0.298230	1.622098	0.013456	7.9	1.4	14.3
524	-0.160682	-0.160682	-0.306960	82.341080	0.323718	0.280114	1.719114	0.014508	2.8	1.5	7.9
525	-0.165405	-0.165405	-0.312694	83.253839	0.320884	0.490614	1.793751	0.019962	10.4	9.7	26.7
526	-0.159214	-0.159214	-0.290520	83.611743	0.319786	0.658112	1.658524	0.033943	3.0	1.5	9.5
527	-0.171969	-0.171969	-0.303582	82.971639	0.321755	0.760428	1.734253	0.031498	3.1	7.5	15.4
528	-0.178693	-0.178693	-0.301741	83.971639	0.318690	0.516812	1.918406	0.027093	2.5	1.4	10.8
529	-0.165237	-0.165237	-0.278458	84.971639	0.315682	0.717910	1.713487	0.030281	2.3	1.6	8.7
530	-0.161166	-0.161166	-0.256586	84.331957	0.317600	0.459609	1.958518	0.019493	8.5	1.7	15.5
531	-0.153081	-0.153081	-0.286769	85.331955	0.314613	0.652928	1.771749	0.027520	3.2	1.8	11.9
532	-0.166720	-0.166720	-0.285002	86.330303	0.311686	0.527887	1.534373	0.029843	2.6	1.5	11.1
533	-0.158257	-0.158257	-0.286919	86.372425	0.311564	0.446396	1.719786	0.019444	4.4	1.4	10.9
534	-0.155594	-0.155594	-0.274427	87.372221	0.308690	0.387474	1.988879	0.026779	3.6	2.1	9.7
535	-0.166965	-0.166965	-0.277744	88.372221	0.305867	0.708133	2.014444	0.028039	2.7	2.0	9.7
536	-0.151868	-0.151868	-0.264796	87.732117	0.307668	0.428211	1.628119	0.022822	2.6	1.5	17.4
537	-0.160467	-0.160467	-0.269487	87.092015	0.309490	0.288392	1.903214	0.013508	2.9	1.8	14.2
538	-0.160471	-0.160471	-0.283096	88.091500	0.306654	0.317088	2.110755	0.029166	3.1	1.7	10.0
539	-0.159189	-0.159189	-0.283938	87.451401	0.308464	0.510286	2.086996	0.024050	2.5	1.3	8.9
540	-0.174645	-0.174645	-0.299280	88.451401	0.305646	0.681900	1.939918	0.029646	2.8	6.3	15.1
541	-0.164717	-0.164717	-0.293660	89.451367	0.302879	0.428293	1.724723	0.020476	2.4	1.9	8.8
542	-0.177976	-0.177976	-0.301757	88.811263	0.304644	0.540487	1.601575	0.024157	3.0	1.9	9.9
543	-0.156104	-0.156104	-0.260904	88.175279	0.306419	0.656326	1.882053	0.033463	7.4	1.4	14.0
544	-0.146557	-0.146557	-0.258289	89.175279	0.303638	0.680231	2.034781	0.026784	2.9	1.5	9.2
545	-0.163787	-0.163787	-0.294360	90.175279	0.300907	0.721898	1.704574	0.030552	2.8	8.7	16.5
546	-0.149950	-0.149950	-0.265127	91.174285	0.298227	0.721333	1.632789	0.036360	2.8	1.4	9.1
547	-0.167540	-0.167540	-0.263235	92.174285	0.295592	0.734037	1.645794	0.027772	7.7	1.4	16.3
548	-0.159256	-0.159256	-0.290745	91.534181	0.297273	0.693390	1.759519	0.028189	2.5	1.3	10.6
549	-0.150786	-0.150786	-0.257813	90.894077	0.298974	0.637720	2.278459	0.029260	8.3	1.4	14.9
550	-0.163230	-0.163230	-0.278573	91.894077	0.296325	0.713805	1.707426	0.028538	7.1	1.7	15.9
551	-0.164489	-0.164489	-0.290165	92.894077	0.293724	0.344970	1.529415	0.016763	9.2	1.4	15.8
552	-0.159829	-0.159829	-0.273864	92.255133	0.295381	0.461827	1.595947	0.018701	3.5	1.4	10.3
553	-0.152503	-0.152503	-0.261610	92.735739	0.294133	0.740387	1.662363	0.039544	4.0	12.2	21.4
554	-0.150106	-0.150106	-0.257634	92.107872	0.295765	0.373914	2.012472	0.016417	3.5	1.9	10.3
555	-0.162362	-0.162362	-0.292722	93.107753	0.293174	0.318874	1.955511	0.015522	2.7	1.6	8.9
556	-0.174621	-0.174621	-0.290350	92.467761	0.294827	0.567446	1.398910	0.032509	7.4	1.5	13.8
557	-0.162420	-0.162420	-0.268870	91.827659	0.296500	0.461897	1.602370	0.023739	2.6	1.4	9.2
558	-0.153406	-0.153406	-0.282283	92.827659	0.293895	0.302205	1.726231	0.013199	11.9	1.4	18.4
559	-0.151302	-0.151302	-0.238300	92.187556	0.295557	0.481274	1.844998	0.022368	3.4	1.8	10.5
560	-0.170405	-0.170405	-0.282928	91.547516	0.297238	0.352685	1.999220	0.015682	3.1	1.7	15.8
561	-0.169601	-0.169601	-0.261067	92.113007	0.295752	0.647366	1.742937	0.027679	2.3	1.5	8.7
562	-0.160160	-0.160160	-0.251791	91.474430	0.297431	0.253962	1.673757	0.015809	3.1	1.9	12.1
563	-0.144806	-0.144806	-0.272546	90.834341	0.299133	0.540964	1.688226	0.021949	10.3	2.1	18.2
564	-0.180906	-0.180906	-0.312749	90.279743	0.300624	0.365470	1.743564	0.015650	3.0	2.2	10.5
565	-0.164278	-0.164278	-0.282562	91.279735	0.297947	0.489810	1.757441	0.020555	10.0	2.1	17.4
566	-0.170025	-0.170025	-0.285964	92.264655	0.295356	0.445178	1.923430	0.019760	2.4	1.3	8.4
567	-0.165755	-0.165755	-0.272526	91.627612	0.297027	0.580647	2.092973	0.028868	7.5	1.6	14.7
568	-0.174630	-0.174630	-0.284174	91.665508	0.296927	0.744081	1.925591	0.042936	2.5	1.5	8.8
569	-0.160818	-0.160818	-0.279202	92.665508	0.294314	0.360589	1.717944	0.017416	7.8	1.7	14.3
570	-0.168601	-0.168601	-0.300914	92.025459	0.295981	0.369773	1.105038	0.018140	2.6	1.4	9.1
571	-0.159851	-0.159851	-0.260188	91.410909	0.297599	0.569154	2.100579	0.027161	8.8	1.4	17.9
572	-0.176251	-0.176251	-0.314070	90.771188	0.299302	0.469585	1.548500	0.021315	2.6	1.4	9.1
573	-0.165817	-0.165817	-0.285009	91.771188	0.296648	0.814888	1.562979	0.033075	7.7	1.3	14.2
574	-0.149641	-0.149641	-0.292347	92.671536	0.294299	0.315274	1.869759	0.018469	2.6	1.4	8.3
575	-0.159222	-0.159222	-0.258346	92.040122	0.295943	0.529105	1.991457	0.021825	2.5	1.5	9.0
576	-0.150366	-0.150366	-0.262269	91.840503	0.296466	0.348254	1.887521	0.014655	7.1	1.3	13.2
577	-0.150607	-0.150607	-0.275105	92.056364	0.295900	0.367309	2.050690	0.015751	2.6	1.5	7.2
578	-0.144102	-0.144102	-0.242000	91.499596	0.297365	0.537394	1.895224	0.021944	2.7	1.5	9.6
579	-0.170020	-0.170020	-0.270529	90.859494	0.299066	0.497270	1.740010	0.027658	3.2	1.8	13.5
580	-0.158858	-0.158858	-0.243653	91.214316	0.298120	0.426855	2.175225	0.023246	2.5	1.5	9.1
581	-0.164316	-0.164316	-0.261598	90.574212	0.299831	0.567576	1.910389	0.030112	3.0	1.3	9.3
582	-0.156710	-0.156710	-0.265797	91.573207	0.297170	0.378929	2.206119	0.020443	8.7	1.7	15.4
583	-0.159121	-0.159121	-0.304572	90.933122	0.298869	0.488718	1.733648	0.023418	4.7	1.5	11.2
584	-0.165242	-0.165242	-0.307660	90.293194	0.300588	0.357156	1.923870	0.015192	9.5	1.7	16.9
585	-0.160292	-0.160292	-0.300812	91.218769	0.298109	0.550092	1.439131	0.028093	2.5	1.5	9.9
586	-0.164287	-0.164287	-0.258931	92.218483	0.295476	0.806031	1.552634	0.032052	8.8	1.4	15.5
587	-0.158469	-0.158469	-0.283660	91.578379	0.297156	0.303285	1.579774	0.013047	2.7	1.4	9.6
588	-0.168497	-0.168497	-0.311521	91.890438	0.296335	0.093849	1.815376	0.018661	7.9	1.6	14.3
589	-0.148958	-0.148958	-0.282853	91.377048	0.297689	0.398075	1.925819	0.030010	2.6	1.6	9.6
590	-0.167433	-0.167433	-0.289192	90.736944	0.299394	0.804541	1.799345	0.043640	2.8	2.0	15.5
591	-0.168155	-0.168155	-0.277499	91.736944	0.296738	0.279649	1.577784	0.016266	3.0	3.0	11.0
592	-0.157314	-0.157314	-0.263566	92.736944	0.294129	0.729967	1.895000	0.037841	3.2	1.6	10.1
593	-0.165506	-0.165506	-0.275044	93.463753	0.292262	0.522992	1.768296	0.027017	7.2	1.5	14.8
594	-0.169131	-0.169131	-0.262473	92.823720	0.293905	0.461300	1.972548	0.021263	2.9	1.6	9.0
595	-0.172233	-0.172233	-0.276643	92.276533	0.295325	0.439455	1.571906	0.024669	3.1	1.7	9.4
596	-0.159752	-0.159752	-0.257452	93.203859	0.292927	0.320399	1.719789	0.022232	6.6	2.7	16.0
597	-0.165168	-0.165168	-0.279912	94.203859	0.290384	0.621346	1.695663	0.029251	2.5	1.4	11.3
598	-0.155440	-0.155440	-0.266215	93.565979	0.292001	0.553310	1.504935	0.030248	2.4	1.4	15.0
599	-0.160615	-0.160615	-0.270920	92.925890	0.293642	0.517933	1.643765	0.024455	2.9	1.8	10.8
600	-0.154827	-0.154827	-0.263774	92.285787	0.295301	0.444341	1.730052	0.019823	2.7	1.4	6.9
601	-0.162878	-0.162878	-0.305244	93.283537	0.292723	0.341139	1.902208	0.024759	3.3	1.5	14.0
602	-0.179224	-0.179224	-0.305033	92.666231	0.294312	0.687042	1.247556	0.027343	2.7	1.5	9.0
603	-0.168505	-0.168505	-0.291842	92.826420	0.293898	0.650778	2.201545	0.029556	2.8	1.7	9.0
604	-0.155543	-0.155543	-0.263413	92.187099	0.295558	0.844635	1.623582	0.042841	2.7	1.5	7.7
605	-0.158518	-0.158518	-0.250710	91.546995	0.297239	0.507062	1.596981	0.019511	7.4	1.6	14.1
606	-0.159245	-0.159245	-0.269710	92.453348	0.294865	0.664326	1.898296	0.027681	2.4	1.4	10.6
607	-0.167567	-0.167567	-0.280274	91.813900	0.296536	0.460459	2.037219	0.022647	5.1	1.5	11.7
608	-0.175194	-0.175194	-0.287739	92.813278	0.293932	0.648540	1.519418	0.027387	2.8	1.5	9.2
609	-0.157564	-0.157564	-0.280111	92.175172	0.295589	0.659568	1.670822	0.028211	6.4	1.3	12.9
610	-0.149452	-0.149452	-0.271949	93.160060	0.293039	0.524391	2.360554	0.021811	2.7	1.4	9.0
611	-0.176008	-0.176008	-0.301273	94.159291	0.290497	0.518693	1.989605	0.031264	7.1	1.4	13.8
612	-0.154053	-0.154053	-0.264703	93.519187	0.292120	0.606169	1.528220	0.027292	3.2	1.6	9.7
613	-0.149805	-0.149805	-0.266748	94.512671	0.289608	0.418055	1.807587	0.023364	2.9	1.5	9.3
614	-0.159212	-0.159212	-0.258806	95.511981	0.287124	0.497068	1.738959	0.023848	7.2	1.5	13.9
615	-0.164936	-0.164936	-0.279953	96.511978	0.284681	0.433249	2.016165	0.023157	2.8	1.4	7.4
616	-0.164155	-0.164155	-0.285719	96.019805	0.285878	0.461881	1.572085	0.019542	7.4	1.4	13.6
617	-0.166346	-0.166346	-0.285810	95.384332	0.287439	0.552751	1.759650	0.022931	2.8	1.7	9.4
618	-0.164596	-0.164596	-0.283836	94.744230	0.289029	0.547276	1.595352	0.024471	3.0	1.6	8.4
619	-0.152068	-0.152068	-0.267007	94.108613	0.290625	0.555007	1.613350	0.023262	2.2	1.8	9.0
620	-0.163015	-0.163015	-0.294971	93.468509	0.292250	0.655436	1.945277	0.025035	2.4	1.7	7.4
621	-0.152172	-0.152172	-0.274299	94.468508	0.289719	0.591087	1.593465	0.027284	9.9	1.8	16.7
622	-0.149905	-0.149905	-0.273828	93.828404	0.291334	0.457510	1.442844	0.023534	7.0	1.5	14.2
623	-0.162770	-0.162770	-0.265261	94.828403	0.288819	0.312838	1.557185	0.012665	6.4	1.6	13.2
624	-0.161613	-0.161613	-0.282227	94.202920	0.290387	0.676440	1.529935	0.035294	3.3	1.3	9.6
625	-0.155104	-0.155104	-0.274412	93.562840	0.292009	0.372969	1.609207	0.020171	7.7	1.5	14.5
626	-0.168274	-0.168274	-0.278232	92.922745	0.293650	0.652980	1.659265	0.027363	3.1	1.6	9.1
627	-0.159639	-0.159639	-0.272840	92.282722	0.295309	0.405194	1.651366	0.019782	2.8	2.2	10.7
628	-0.144006	-0.144006	-0.233119	91.694986	0.296849	0.547087	1.971303	0.026211	11.3	5.9	32.9
629	-0.172096	-0.172096	-0.304951	92.694986	0.294238	0.319169	1.971466	0.012011	2.8	1.5	9.5
630	-0.157198	-0.157198	-0.279726	93.680536	0.291709	0.442031	1.617135	0.021467	3.0	1.4	9.8
631	-0.164862	-0.164862	-0.282064	93.051426	0.293318	0.330704	1.658384	0.018848	7.0	1.5	13.6
632	-0.156975	-0.156975	-0.285503	93.981011	0.290947	0.379057	1.831838	0.017784	2.5	1.4	8.9
633	-0.165789	-0.165789	-0.276391	93.341032	0.292576	0.578831	1.743490	0.025876	6.0	1.4	12.5
634	-0.151176	-0.151176	-0.257122	92.700946	0.294223	0.677290	1.685274	0.029332	2.4	1.3	8.8
635	-0.156204	-0.156204	-0.245419	93.700946	0.291657	0.583697	1.795174	0.025100	9.7	1.4	16.2
636	-0.174521	-0.174521	-0.294382	93.060842	0.293294	0.451953	1.597382	0.017551	2.5	1.6	9.4
637	-0.163824	-0.163824	-0.284732	92.637185	0.294388	0.394270	1.733700	0.018018	7.5	1.6	14.3
638	-0.165889	-0.165889	-0.280300	93.637144	0.291820	1.008357	1.402461	0.044195	3.0	1.7	9.7
639	-0.164028	-0.164028	-0.275658	94.636678	0.289297	0.342633	1.537541	0.014017	2.6	2.7	20.4
640	-0.177804	-0.177804	-0.301055	95.636676	0.286817	0.502722	1.387461	0.029300	11.7	1.6	20.5
641	-0.157107	-0.157107	-0.254274	95.124802	0.288081	0.724302	1.811840	0.030806	3.1	1.6	11.4
642	-0.151331	-0.151331	-0.256280	96.124802	0.285622	0.520600	1.894438	0.021573	7.0	1.7	16.3
643	-0.150035	-0.150035	-0.256061	95.484698	0.287191	0.435657	1.729136	0.021080	2.7	1.8	9.1
644	-0.171827	-0.171827	-0.258969	96.484687	0.284747	0.631431	1.462197	0.025389	2.6	4.5	14.0
645	-0.173523	-0.173523	-0.321659	97.366410	0.282626	0.459037	1.709016	0.031569	3.1	9.3	19.8
646	-0.158827	-0.158827	-0.270973	96.726306	0.284162	0.532739	2.106123	0.020505	2.9	1.4	9.4
647	-0.156448	-0.156448	-0.266607	97.726306	0.281769	0.404948	1.921373	0.018110	7.6	1.7	14.6
648	-0.158512	-0.158512	-0.293265	97.086814	0.283295	0.294202	1.757122	0.015990	2.6	2.4	9.9
649	-0.159858	-0.159858	-0.271356	96.450638	0.284829	0.559896	1.782026	0.025873	2.4	1.5	8.9
650	-0.160004	-0.160004	-0.312751	95.914421	0.286136	0.447283	1.763007	0.016892	7.6	1.5	14.1
651	-0.152253	-0.152253	-0.258168	95.274319	0.287711	0.456522	1.735235	0.020316	2.7	1.4	9.0
652	-0.158590	-0.158590	-0.267252	96.273917	0.285259	0.374273	1.830740	0.016582	2.8	1.5	9.1
653	-0.159685	-0.159685	-0.300544	95.633844	0.286824	0.358744	1.374408	0.016459	7.0	1.4	13.4
654	-0.168750	-0.168750	-0.263006	95.000879	0.288389	0.658493	1.767750	0.028764	2.5	1.4	11.1
655	-0.157685	-0.157685	-0.292737	94.425052	0.289828	0.676476	1.732749	0.029494	6.0	1.5	13.2
656	-0.154669	-0.154669	-0.279787	95.425052	0.287338	0.367645	2.179391	0.023107	3.4	1.5	9.8
657	-0.157704	-0.157704	-0.292787	96.417671	0.284909	0.445836	1.561093	0.020148	3.7	1.7	8.6
658	-0.177204	-0.177204	-0.309347	96.858934	0.283843	0.931800	1.665872	0.042604	8.6	1.4	14.9
659	-0.166094	-0.166094	-0.276530	97.858788	0.281455	0.412412	1.472883	0.019302	3.4	1.6	8.8
660	-0.162375	-0.162375	-0.268686	97.218684	0.282979	0.699708	1.716738	0.031236	3.1	1.4	9.2
661	-0.161507	-0.161507	-0.279491	96.578582	0.284519	0.741114	1.508824	0.029872	4.0	1.9	13.0
662	-0.155096	-0.155096	-0.263932	95.938478	0.286077	0.507809	1.498183	0.023895	2.9	1.6	9.5
663	-0.161751	-0.161751	-0.267595	96.938478	0.283651	0.439259	1.499762	0.017177	2.7	4.9	12.7
664	-0.158890	-0.158890	-0.262336	97.261780	0.282876	0.524070	1.738762	0.022146	3.6	4.4	13.3
665	-0.166735	-0.166735	-0.270387	97.988363	0.281148	0.676558	1.644495	0.036543	3.7	1.7	11.0
666	-0.157627	-0.157627	-0.285865	97.348266	0.282669	0.469182	1.726610	0.019480	3.4	1.5	18.5
667	-0.168270	-0.168270	-0.305526	96.722721	0.284171	0.347138	1.597092	0.015119	3.1	1.4	9.4
668	-0.158939	-0.158939	-0.269945	96.518819	0.284664	0.598481	1.599085	0.025931	2.8	1.8	9.5
669	-0.160097	-0.160097	-0.291569	97.518813	0.282262	0.592077	1.636680	0.023825	8.2	1.6	14.7
670	-0.178756	-0.178756	-0.292473	98.423602	0.280124	0.270032	1.667076	0.017992	2.5	1.7	9.2
671	-0.160092	-0.160092	-0.257077	99.418200	0.277810	0.559200	1.802179	0.032654	10.3	1.7	17.0
672	-0.165378	-0.165378	-0.263734	100.418200	0.275522	0.452539	1.746166	0.022167	2.9	1.6	10.0
673	-0.157544	-0.157544	-0.283001	99.778201	0.276982	0.423434	1.437069	0.023554	2.4	1.4	8.6
674	-0.169975	-0.169975	-0.274778	100.616956	0.275072	0.580980	1.890662	0.030584	13.1	1.5	19.8
675	-0.140626	-0.140626	-0.278800	99.976853	0.276527	0.477368	2.121747	0.019700	2.8	1.5	9.5
676	-0.175517	-0.175517	-0.274024	100.976853	0.274260	0.323144	1.868907	0.021973	7.9	2.0	13.3
677	-0.169849	-0.169849	-0.283040	100.976277	0.274261	0.504794	1.407442	0.029660	2.8	1.5	9.4
678	-0.165768	-0.165768	-0.279460	101.976277	0.272031	0.528939	1.879260	0.027580	8.7	1.9	15.6
679	-0.164406	-0.164406	-0.286146	102.976277	0.269837	0.811963	1.709401	0.033024	2.4	1.9	9.1
680	-0.156355	-0.156355	-0.261814	102.336173	0.271237	0.452055	1.900422	0.025300	2.2	1.2	8.8
681	-0.156800	-0.156800	-0.260208	101.696154	0.272652	0.640988	1.950497	0.027930	8.5	1.4	15.3
682	-0.145162	-0.145162	-0.251435	102.696154	0.270448	0.355927	1.786879	0.017991	3.3	1.7	9.2
683	-0.157725	-0.157725	-0.263537	103.266242	0.269207	0.579437	2.020701	0.027381	2.5	1.5	8.7
684	-0.166993	-0.166993	-0.295425	102.626139	0.270601	0.459263	1.567592	0.018382	8.8	1.4	15.9
685	-0.175879	-0.175879	-0.305101	103.024355	0.269732	0.423963	1.628912	0.023386	2.6	1.7	9.3
686	-0.174977	-0.174977	-0.292151	103.510336	0.268680	0.636570	2.031918	0.032083	8.1	1.6	14.7
687	-0.161476	-0.161476	-0.292171	104.510336	0.266539	0.536489	1.753837	0.022271	2.3	1.3	10.7
688	-0.147701	-0.147701	-0.255452	103.870233	0.267905	0.467001	2.225504	0.020896	3.2	1.5	9.9
689	-0.174625	-0.174625	-0.295669	104.026033	0.267571	0.606933	1.578792	0.023155	7.1	1.4	13.7
690	-0.172388	-0.172388	-0.282506	103.386027	0.268948	0.369105	1.740038	0.016564	2.8	1.6	8.2
691	-0.146669	-0.146669	-0.261823	103.645603	0.268388	0.745376	1.946614	0.032435	2.6	1.5	7.1
692	-0.150623	-0.150623	-0.233773	104.645603	0.266252	0.557003	1.750129	0.027035	8.1	1.5	14.4
693	-0.155083	-0.155083	-0.273623	104.033420	0.267556	0.299806	1.677438	0.018270	2.4	1.6	8.9
694	-0.166265	-0.166265	-0.323433	103.393334	0.268932	0.513934	1.892933	0.022591	2.2	1.7	8.2
695	-0.165371	-0.165371	-0.266575	103.804430	0.268046	0.378422	1.821726	0.017623	8.4	1.6	15.4
696	-0.162676	-0.162676	-0.265742	103.869780	0.267906	0.394214	1.618408	0.021967	2.6	1.6	9.2
697	-0.160122	-0.160122	-0.279142	103.232787	0.269280	0.495564	1.624565	0.024831	7.7	1.5	13.9
698	-0.176947	-0.176947	-0.248898	104.226271	0.267144	0.668313	1.838464	0.026691	2.6	1.7	9.2
699	-0.173249	-0.173249	-0.311805	103.586216	0.268516	0.340642	1.729156	0.013149	2.4	1.6	9.5
700	-0.161096	-0.161096	-0.275290	102.946119	0.269903	0.648456	1.764590	0.026581	8.3	1.5	15.3
701	-0.153594	-0.153594	-0.266549	102.330533	0.271250	0.803704	1.534256	0.042637	2.4	1.5	8.8
702	-0.146019	-0.146019	-0.263927	103.330533	0.269068	0.370303	2.048523	0.018915	2.9	1.6	8.7
703	-0.171191	-0.171191	-0.315049	102.690544	0.270460	0.387534	1.816747	0.022231	2.8	7.6	14.9
704	-0.155205	-0.155205	-0.295142	102.050558	0.271867	0.558240	1.638894	0.024314	2.8	1.5	9.3
705	-0.146031	-0.146031	-0.279040	101.464538	0.273168	0.423422	1.832221	0.020953	2.4	1.4	8.6
706	-0.156687	-0.156687	-0.300301	101.673265	0.272703	0.579558	1.892821	0.026540	9.1	1.7	15.8
707	-0.175371	-0.175371	-0.263780	101.060653	0.274072	0.505496	1.615193	0.025036	2.6	1.7	11.6
708	-0.160604	-0.160604	-0.263263	100.421006	0.275516	0.614369	1.945750	0.025576	5.8	1.7	12.7
709	-0.164149	-0.164149	-0.255300	101.418797	0.273270	0.396452	1.677816	0.022937	2.7	1.4	9.4
710	-0.151455	-0.151455	-0.242230	102.295981	0.271326	0.528929	1.925942	0.020884	3.2	1.5	9.8
711	-0.153477	-0.153477	-0.292303	101.657058	0.272739	0.536514	1.917183	0.025052	9.9	1.4	16.6
712	-0.159782	-0.159782	-0.262526	102.089267	0.271782	0.639982	1.479582	0.031376	4.0	1.8	10.9
713	-0.150380	-0.150380	-0.284657	103.079705	0.269612	0.495827	1.949721	0.032966	2.9	1.6	9.8
714	-0.154775	-0.154775	-0.280504	104.079697	0.267457	0.348119	1.384158	0.018469	17.8	7.5	32.5
715	-0.143711	-0.143711	-0.226590	105.079671	0.265335	0.320744	1.995994	0.018565	3.4	1.7	11.1
716	-0.147077	-0.147077	-0.276730	106.079595	0.263248	0.467728	1.647898	0.019829	3.5	2.0	10.4
717	-0.173742	-0.173742	-0.259801	105.439522	0.264580	0.570740	1.872110	0.031633	13.6	1.8	20.7
718	-0.157857	-0.157857	-0.267859	106.439514	0.262504	0.677380	1.620546	0.028902	2.8	2.5	13.3
719	-0.165643	-0.165643	-0.273070	107.439514	0.260460	0.504111	1.732407	0.020158	10.8	2.1	21.5
720	-0.155634	-0.155634	-0.312578	108.439514	0.258448	0.446920	1.806830	0.020230	5.2	1.7	15.7
721	-0.169922	-0.169922	-0.295541	108.291749	0.258743	0.439009	1.883022	0.020425	2.8	1.6	9.8
722	-0.166310	-0.166310	-0.298883	108.797906	0.257734	0.363775	1.340285	0.021319	15.8	1.9	22.8
723	-0.167944	-0.167944	-0.292781	108.459772	0.258408	0.861925	1.619306	0.034124	2.5	1.3	8.4
724	-0.165495	-0.165495	-0.304042	107.823112	0.259685	0.492838	1.223491	0.026251	3.7	1.6	9.8
725	-0.153020	-0.153020	-0.294241	107.369477	0.260602	0.720984	1.548598	0.036057	13.7	1.5	20.0
726	-0.154138	-0.154138	-0.297866	108.369477	0.258588	0.399844	1.692755	0.020037	3.8	1.7	10.5
727	-0.145339	-0.145339	-0.277148	107.729523	0.259873	0.377305	1.695192	0.024752	3.5	2.0	10.2
728	-0.152422	-0.152422	-0.253097	108.268446	0.258790	0.557443	1.592207	0.021253	13.2	1.8	22.4
729	-0.164213	-0.164213	-0.247400	107.630285	0.260074	0.469238	1.518544	0.021866	2.9	1.6	9.2
730	-0.155975	-0.155975	-0.260075	108.630284	0.258068	0.335325	1.704888	0.014712	3.2	1.4	9.4
731	-0.163962	-0.163962	-0.287011	109.630177	0.256092	0.537107	1.294042	0.027042	2.8	1.6	11.6
732	-0.151854	-0.151854	-0.240527	108.996146	0.257341	0.335039	2.193863	0.021309	13.7	1.7	19.5
733	-0.166766	-0.166766	-0.291814	109.996146	0.255377	0.335565	1.769164	0.023165	2.8	1.9	9.6
734	-0.164851	-0.164851	-0.291470	110.996146	0.253442	0.523349	1.451711	0.021198	4.4	1.8	13.9
735	-0.150682	-0.150682	-0.249641	111.971762	0.251583	0.296015	1.925466	0.013061	4.0	13.4	22.4
736	-0.156493	-0.156493	-0.275324	111.331715	0.252799	0.592913	1.851972	0.029427	3.0	1.3	9.3
737	-0.142074	-0.142074	-0.271482	112.331712	0.250903	0.594771	1.475717	0.029062	3.0	1.4	9.2
738	-0.143128	-0.143128	-0.245683	113.258851	0.249171	0.432081	1.787853	0.020001	13.7	1.9	22.4
739	-0.154108	-0.154108	-0.229142	112.618848	0.250364	0.490072	1.825161	0.021487	2.9	1.4	9.1
740	-0.163860	-0.163860	-0.285032	111.979561	0.251568	0.514580	1.755463	0.027881	3.2	1.6	9.5
741	-0.150108	-0.150108	-0.251170	112.874148	0.249887	0.345240	1.596964	0.014992	5.5	1.9	11.9
742	-0.165262	-0.165262	-0.291499	112.409587	0.250757	0.363744	1.450378	0.017768	12.0	1.7	18.8
743	-0.177670	-0.177670	-0.272885	113.407856	0.248895	0.752959	1.627164	0.032126	12.4	1.8	19.2
744	-0.145447	-0.145447	-0.257259	114.407089	0.247058	0.749145	2.061948	0.029628	2.5	1.4	9.5
745	-0.160498	-0.160498	-0.291788	113.766985	0.248231	0.482594	1.939758	0.029099	8.9	1.4	15.7
746	-0.164223	-0.164223	-0.286856	114.766985	0.246403	0.631627	1.427615	0.024064	3.3	1.5	15.9
747	-0.156433	-0.156433	-0.300996	114.127506	0.247569	0.730046	1.486219	0.031941	2.7	1.5	9.7
748	-0.158133	-0.158133	-0.235634	115.127506	0.245750	0.251236	1.718569	0.020279	3.2	6.8	15.1
749	-0.148624	-0.148624	-0.288709	114.487465	0.246911	0.397394	1.790280	0.018373	2.6	1.3	8.9
750	-0.163622	-0.163622	-0.291660	113.882527	0.248019	0.724247	1.760365	0.036574	2.3	1.5	9.0
751	-0.146468	-0.146468	-0.245876	113.779290	0.248209	0.359446	2.160014	0.019500	8.0	1.5	15.0
752	-0.172477	-0.172477	-0.300546	114.779289	0.246381	0.533853	1.243680	0.026845	2.5	1.6	8.8
753	-0.141208	-0.141208	-0.239393	114.139185	0.247548	0.576842	1.913841	0.029246	8.2	1.4	16.9
754	-0.152291	-0.152291	-0.278341	115.139185	0.245729	0.567168	1.642948	0.026135	2.7	1.5	9.1
755	-0.155961	-0.155961	-0.252685	116.139185	0.243937	0.598566	1.832402	0.028582	2.8	1.6	11.4
756	-0.152176	-0.152176	-0.299595	115.499082	0.245081	0.496988	1.920204	0.025783	13.1	1.5	19.8
757	-0.139810	-0.139810	-0.251863	116.499081	0.243299	0.428473	1.802985	0.020759	4.4	1.4	12.6
758	-0.166549	-0.166549	-0.295188	115.859004	0.244437	0.586607	2.034715	0.024926	7.5	1.5	14.4
759	-0.160837	-0.160837	-0.282705	115.219045	0.245585	0.391349	1.787470	0.017067	3.6	1.5	10.4
760	-0.156573	-0.156573	-0.273619	114.648776	0.246618	0.463779	1.394103	0.033208	3.1	1.5	9.7
761	-0.154151	-0.154151	-0.250176	114.029138	0.247749	0.542742	1.487300	0.024399	11.6	9.5	28.0
762	-0.160093	-0.160093	-0.271654	115.029138	0.245928	0.480505	2.041292	0.027238	3.4	1.8	12.4
763	-0.155075	-0.155075	-0.269324	114.389034	0.247091	0.402871	1.681881	0.020331	10.0	1.7	17.2
764	-0.163734	-0.163734	-0.309937	115.377543	0.245300	0.522883	1.690290	0.026236	4.5	1.5	11.9
765	-0.161357	-0.161357	-0.280201	114.744793	0.246443	0.612960	1.442667	0.026250	3.3	7.1	15.7
766	-0.160097	-0.160097	-0.310731	114.104689	0.247611	0.396307	1.501099	0.024696	3.3	1.8	11.3
767	-0.156655	-0.156655	-0.270645	115.104299	0.245792	0.525402	1.794388	0.029639	4.8	8.8	21.9
768	-0.153627	-0.153627	-0.278674	114.464195	0.246954	0.595887	1.456902	0.028052	3.0	1.6	9.5
769	-0.165290	-0.165290	-0.284874	113.824112	0.248126	0.646233	1.994131	0.025544	2.9	1.5	9.1
770	-0.152229	-0.152229	-0.285902	113.184092	0.249310	0.772073	1.936740	0.036492	22.2	1.4	27.1
771	-0.153357	-0.153357	-0.280652	113.961795	0.247873	0.492211	1.926553	0.020438	2.3	1.5	8.7
772	-0.165048	-0.165048	-0.283444	114.961792	0.246050	0.717647	1.897161	0.039306	2.9	1.8	9.4
773	-0.163932	-0.163932	-0.282373	114.322242	0.247213	0.788536	1.233443	0.033188	6.4	2.3	15.9
774	-0.161482	-0.161482	-0.262375	113.682138	0.248388	0.519033	1.947216	0.021823	2.7	1.4	9.4
775	-0.160187	-0.160187	-0.301772	113.204275	0.249272	0.389368	1.260561	0.016783	2.8	1.5	9.8
776	-0.163332	-0.163332	-0.301254	113.349622	0.249002	0.502255	1.841303	0.025729	7.7	1.7	13.4
777	-0.170068	-0.170068	-0.290689	114.248869	0.247347	0.215347	1.558149	0.011978	3.9	1.4	8.3
778	-0.161432	-0.161432	-0.277651	115.117063	0.245769	0.566412	1.875017	0.025190	2.4	1.4	8.7
779	-0.152883	-0.152883	-0.269098	116.117026	0.243977	0.567477	1.632381	0.027953	7.1	1.4	13.8
780	-0.179192	-0.179192	-0.337652	115.544217	0.245000	0.754093	1.566226	0.037675	2.6	1.5	11.2
781	-0.163307	-0.163307	-0.285895	116.544217	0.243219	0.271253	1.858575	0.014388	4.6	2.3	11.9
782	-0.166078	-0.166078	-0.275529	117.543787	0.241464	0.546023	1.496477	0.024285	2.5	1.3	10.9
783	-0.166292	-0.166292	-0.270784	116.904249	0.242584	0.433297	1.637541	0.016288	5.5	1.4	11.3
784	-0.153185	-0.153185	-0.253720	116.270463	0.243704	0.462125	1.655019	0.024375	2.4	1.7	8.9
785	-0.160116	-0.160116	-0.305925	117.270453	0.241942	0.291118	1.888050	0.012528	2.8	1.3	9.2
786	-0.168579	-0.168579	-0.323198	118.269992	0.240205	0.487199	1.389803	0.023254	8.9	1.6	15.8
787	-0.164182	-0.164182	-0.310236	119.202055	0.238608	0.392863	2.152240	0.020058	2.6	1.5	9.2
788	-0.165249	-0.165249	-0.267275	118.562019	0.239703	0.681678	1.616429	0.040474	9.7	2.1	15.1
789	-0.160409	-0.160409	-0.276571	118.518721	0.239777	0.261309	1.702347	0.017036	4.9	2.1	14.8
790	-0.163889	-0.163889	-0.282122	119.518721	0.238071	0.516325	1.842300	0.031563	3.2	3.5	11.8
791	-0.162055	-0.162055	-0.280497	118.878935	0.239160	0.413130	1.833615	0.015906	20.6	1.8	27.4
792	-0.158006	-0.158006	-0.282500	119.839566	0.237528	0.444947	1.661943	0.020683	2.9	1.3	9.5
793	-0.142151	-0.142151	-0.249983	119.200385	0.238611	0.274650	2.050646	0.016311	2.9	1.4	9.4
794	-0.164314	-0.164314	-0.299714	118.560284	0.239706	0.265047	1.363843	0.011137	11.5	4.5	28.4
795	-0.152506	-0.152506	-0.261230	119.382233	0.238302	0.423010	1.558758	0.016775	2.6	1.3	8.9
796	-0.158357	-0.158357	-0.267590	119.012251	0.238932	0.381855	1.703457	0.015149	2.5	1.7	9.1
797	-0.157938	-0.157938	-0.277972	119.996128	0.237265	0.598982	1.237576	0.024244	7.3	1.5	12.6
798	-0.153019	-0.153019	-0.255222	119.356098	0.238347	0.607840	1.912877	0.023356	2.6	1.6	9.1
799	-0.161547	-0.161547	-0.272224	118.715995	0.239438	0.398431	1.993548	0.018663	3.1	1.4	9.6
800	-0.158195	-0.158195	-0.284306	118.076555	0.240539	0.874224	1.808401	0.035206	2.7	7.3	14.9
801	-0.159785	-0.159785	-0.293265	117.438669	0.241648	0.524992	1.274689	0.026078	2.6	1.4	9.3
802	-0.145360	-0.145360	-0.278142	118.438669	0.239915	0.380113	1.992893	0.014745	10.1	1.5	16.3
803	-0.164552	-0.164552	-0.274522	118.659274	0.239536	0.313932	1.889190	0.014359	2.6	1.5	9.1
804	-0.149952	-0.149952	-0.283024	119.656904	0.237837	0.514608	1.905078	0.020356	2.6	1.4	8.8
805	-0.159569	-0.159569	-0.261518	120.622158	0.236216	0.753313	2.026545	0.038146	6.4	1.5	13.0
806	-0.164347	-0.164347	-0.288262	119.982054	0.237288	0.481580	1.752039	0.021344	2.6	1.9	9.3
807	-0.160530	-0.160530	-0.280613	120.063517	0.237151	0.627872	1.490142	0.026698	2.7	2.2	9.6
808	-0.156991	-0.156991	-0.253495	119.423527	0.238232	0.587938	1.727059	0.022264	7.2	1.4	13.7
809	-0.146088	-0.146088	-0.261988	120.423527	0.236548	0.787717	1.970885	0.037952	2.4	1.6	9.0
810	-0.163002	-0.163002	-0.267661	119.783424	0.237623	0.663833	1.632973	0.030835	7.4	1.5	13.7
811	-0.152141	-0.152141	-0.291270	120.779088	0.235954	0.519124	1.987956	0.027088	2.2	1.4	9.0
812	-0.153298	-0.153298	-0.272341	121.779088	0.234302	0.463518	2.026977	0.020238	2.5	1.5	9.0
813	-0.167959	-0.167959	-0.282692	121.138984	0.235357	0.484549	1.397285	0.022131	7.9	1.4	13.6
814	-0.162545	-0.162545	-0.294756	120.499319	0.236421	0.420735	1.915419	0.017647	2.5	1.5	8.9
815	-0.174795	-0.174795	-0.291823	119.880952	0.237459	0.757612	1.680350	0.029117	2.5	1.5	7.9
816	-0.157532	-0.157532	-0.279630	120.880869	0.235785	0.525986	1.681091	0.024801	3.1	7.2	15.1
817	-0.162877	-0.162877	-0.264074	121.085950	0.235445	0.532807	1.388999	0.022223	2.7	2.0	11.1
818	-0.163939	-0.163939	-0.272957	122.085930	0.233799	0.677793	1.778369	0.029774	9.9	1.6	16.4
819	-0.164644	-0.164644	-0.295385	123.085930	0.232177	0.441733	1.975884	0.024435	2.5	1.3	8.8
820	-0.163173	-0.163173	-0.301832	124.059708	0.230618	0.841034	1.328251	0.041043	2.7	2.0	8.1
821	-0.153800	-0.153800	-0.284808	123.420350	0.231639	0.546742	1.713149	0.029937	8.5	2.0	15.2
822	-0.168363	-0.168363	-0.319988	122.780246	0.232670	0.262838	1.437630	0.020666	2.4	1.4	10.6
823	-0.150739	-0.150739	-0.277444	123.779531	0.231064	0.326153	1.541260	0.018763	2.7	1.5	9.1
824	-0.156951	-0.156951	-0.266560	123.139431	0.232090	0.553943	1.617154	0.025103	8.4	1.3	14.8
825	-0.169555	-0.169555	-0.296228	124.137485	0.230494	0.806166	1.689442	0.032572	2.4	1.5	9.5
826	-0.146285	-0.146285	-0.281828	123.497381	0.231516	0.558811	1.512263	0.026981	2.5	1.7	9.2
827	-0.153068	-0.153068	-0.285986	122.857278	0.232546	0.354635	1.590867	0.024209	7.5	1.8	14.2
828	-0.140582	-0.140582	-0.265535	123.857278	0.230940	0.426283	1.927467	0.017006	2.9	1.4	9.4
829	-0.172015	-0.172015	-0.249798	124.805022	0.229439	0.443227	1.908297	0.023418	2.3	1.6	9.0
830	-0.165129	-0.165129	-0.279554	124.351329	0.230155	0.545956	1.220724	0.024291	6.9	1.5	13.4
831	-0.151156	-0.151156	-0.264617	123.711225	0.231173	0.667246	2.008681	0.037220	2.7	1.5	9.3
832	-0.169069	-0.169069	-0.291585	124.711225	0.229587	0.970266	2.124816	0.045228	8.0	1.8	14.3
833	-0.172147	-0.172147	-0.300688	125.711225	0.228022	0.564061	1.665500	0.027900	2.3	1.3	7.9
834	-0.141936	-0.141936	-0.262975	125.071121	0.229021	0.409946	1.868441	0.021260	3.1	1.6	9.3
835	-0.172538	-0.172538	-0.329389	126.071121	0.227464	0.508171	1.675991	0.025492	8.3	1.8	14.3
836	-0.164856	-0.164856	-0.291749	127.071121	0.225928	0.540974	1.763065	0.021826	2.6	1.6	8.9
837	-0.158587	-0.158587	-0.273114	126.431017	0.226909	0.446004	1.267549	0.019630	2.5	1.6	8.3
838	-0.159114	-0.159114	-0.273680	125.792429	0.227896	0.902809	1.710620	0.036322	8.1	1.5	14.4
839	-0.170037	-0.170037	-0.284351	126.792239	0.226354	0.637468	1.654489	0.026486	3.0	1.5	9.2
840	-0.154906	-0.154906	-0.278181	127.792239	0.224833	0.593550	1.361818	0.030121	2.5	1.5	13.5
841	-0.157684	-0.157684	-0.283823	127.963392	0.224575	0.330611	1.880036	0.013642	2.8	1.4	9.3
842	-0.159748	-0.159748	-0.285320	127.588981	0.225140	0.635003	1.649109	0.031430	2.7	1.4	9.0
843	-0.152431	-0.152431	-0.257397	127.187996	0.225750	0.520153	1.667360	0.025763	8.1	1.6	14.5
844	-0.170011	-0.170011	-0.292927	128.187996	0.224236	0.513112	1.901218	0.024348	2.9	1.2	9.0
845	-0.171193	-0.171193	-0.324084	129.187519	0.222744	0.521740	1.421874	0.021556	2.9	1.7	7.5
846	-0.152190	-0.152190	-0.254237	128.550859	0.223692	0.628026	2.064383	0.031875	3.4	7.4	17.6
847	-0.165223	-0.165223	-0.269195	129.388722	0.222446	0.465666	1.511230	0.022506	2.4	1.5	8.3
848	-0.169740	-0.169740	-0.280376	128.865065	0.223223	0.475940	1.228818	0.019435	2.8	2.7	10.5
849	-0.164091	-0.164091	-0.271323	129.865063	0.221744	0.584496	1.658596	0.023694	2.9	10.0	19.9
850	-0.170698	-0.170698	-0.260358	130.862100	0.220288	0.541504	2.000537	0.022537	2.8	1.7	11.6
851	-0.169449	-0.169449	-0.289095	130.355410	0.221025	0.507903	1.553561	0.019656	11.1	1.5	21.2
852	-0.162620	-0.162620	-0.272955	131.116211	0.219920	0.891315	2.138949	0.043713	2.3	1.4	8.8
853	-0.157908	-0.157908	-0.276681	132.116211	0.218484	0.382956	1.650281	0.019173	14.1	1.9	23.1
854	-0.156436	-0.156436	-0.241552	131.476121	0.219401	0.272095	1.932079	0.014108	3.9	1.7	12.1
855	-0.150207	-0.150207	-0.257512	130.838180	0.220323	0.417991	1.752371	0.025665	4.2	1.4	10.9
856	-0.163702	-0.163702	-0.258601	130.266764	0.221155	0.466462	1.610997	0.021406	14.2	2.1	25.2
857	-0.164579	-0.164579	-0.301817	129.626661	0.222095	0.673083	1.519101	0.029158	2.7	1.5	10.7
858	-0.158618	-0.158618	-0.270317	128.986572	0.223043	0.673655	1.843905	0.032688	2.9	1.8	11.7
859	-0.142628	-0.142628	-0.276956	129.986572	0.221565	0.699419	2.066593	0.030042	10.6	1.9	18.0
860	-0.152789	-0.152789	-0.284043	129.346469	0.222509	0.492192	1.412054	0.030209	2.8	1.4	9.7
861	-0.160314	-0.160314	-0.270302	128.706371	0.223460	0.637078	1.331422	0.031631	2.7	1.5	11.1
862	-0.164471	-0.164471	-0.268744	128.066268	0.224420	0.543496	1.620621	0.025367	11.9	1.6	18.8
863	-0.159124	-0.159124	-0.288382	127.426164	0.225387	0.395375	2.074736	0.017235	3.6	2.7	10.9
864	-0.149804	-0.149804	-0.243317	126.786060	0.226364	0.739621	1.665115	0.030180	2.9	1.6	9.7
865	-0.163445	-0.163445	-0.308713	127.786060	0.224842	0.633871	1.478662	0.026449	2.7	6.6	14.1
866	-0.165858	-0.165858	-0.274446	127.145956	0.225814	0.630905	1.662253	0.025459	2.5	1.8	9.4
867	-0.139286	-0.139286	-0.236989	128.144377	0.224302	0.622430	1.636800	0.030013	2.8	1.6	9.4
868	-0.162536	-0.162536	-0.301757	129.144374	0.222808	0.449028	1.547572	0.026758	2.5	3.9	14.3
869	-0.160669	-0.160669	-0.269602	130.140302	0.221340	0.507682	1.800079	0.029252	3.2	1.6	9.8
870	-0.161380	-0.161380	-0.279289	131.140302	0.219885	0.648652	1.499812	0.037794	2.7	7.5	15.3
871	-0.166182	-0.166182	-0.290190	132.140302	0.218449	0.726192	1.592793	0.032052	2.8	1.4	10.0
872	-0.155767	-0.155767	-0.253074	133.140300	0.217032	0.642210	1.830718	0.025469	2.5	1.4	9.0
873	-0.153155	-0.153155	-0.255220	134.115489	0.215668	0.528540	1.791331	0.019768	8.6	2.5	17.1
874	-0.162245	-0.162245	-0.285488	133.476161	0.216560	0.447826	1.389815	0.020721	2.8	1.7	9.7
875	-0.153406	-0.153406	-0.266772	132.836148	0.217461	0.532745	1.929038	0.021949	3.3	1.5	9.9
876	-0.162671	-0.162671	-0.280411	132.196121	0.218370	0.598213	1.850003	0.028238	11.5	2.3	22.8
877	-0.149593	-0.149593	-0.247956	133.195842	0.216954	0.608748	1.522534	0.025373	3.0	1.4	9.8
878	-0.161851	-0.161851	-0.272444	132.555738	0.217858	0.454312	1.591110	0.022574	4.1	1.6	12.7
879	-0.166206	-0.166206	-0.289037	133.555599	0.216449	0.600390	1.498578	0.024795	9.4	2.1	16.3
880	-0.167191	-0.167191	-0.288839	134.555599	0.215057	0.471500	1.759667	0.019700	2.7	1.4	9.3
881	-0.165681	-0.165681	-0.312438	133.915500	0.215946	0.650632	1.776448	0.025119	11.1	1.7	17.3
882	-0.169148	-0.169148	-0.317976	133.275397	0.216842	0.569314	1.389815	0.025444	9.6	1.6	17.3
883	-0.157181	-0.157181	-0.257898	134.274011	0.215447	0.680696	2.063229	0.026111	2.7	1.2	7.1
884	-0.175947	-0.175947	-0.304307	135.273984	0.214069	0.388489	1.549685	0.018714	2.7	1.5	9.2
885	-0.163954	-0.163954	-0.275348	136.273953	0.212708	0.553682	1.926849	0.022914	8.6	1.3	14.9
886	-0.164309	-0.164309	-0.282880	137.242497	0.211406	0.483691	1.763282	0.024338	2.5	1.3	11.1
887	-0.152254	-0.152254	-0.267924	136.602400	0.212264	0.465030	2.008010	0.021887	6.6	1.4	15.3
888	-0.144638	-0.144638	-0.242240	137.602395	0.210926	0.572511	1.946748	0.024585	2.6	1.5	10.2
889	-0.153843	-0.153843	-0.278545	137.481675	0.211087	0.426747	1.680140	0.017831	2.7	7.5	15.5
890	-0.166545	-0.166545	-0.255582	138.418565	0.209846	0.838352	2.003933	0.037003	2.8	4.9	12.5
891	-0.148978	-0.148978	-0.271999	137.778462	0.210692	0.465698	2.109383	0.026407	7.0	1.4	13.3
892	-0.163191	-0.163191	-0.253220	138.736271	0.209429	0.385986	2.188809	0.019088	2.5	1.5	8.6
893	-0.159559	-0.159559	-0.273541	138.096167	0.210271	0.321669	1.884038	0.012930	9.2	1.6	16.0
894	-0.161387	-0.161387	-0.289549	138.660468	0.209528	0.655862	1.789130	0.027558	2.7	1.5	9.0
895	-0.157164	-0.157164	-0.270659	138.020416	0.210372	0.385549	1.503244	0.019757	2.8	1.5	14.3
896	-0.154293	-0.154293	-0.288641	137.380317	0.211222	0.691607	1.873101	0.030734	3.2	1.7	9.8
897	-0.162116	-0.162116	-0.258934	138.374972	0.209904	0.487176	1.599742	0.018562	2.8	2.7	10.1
898	-0.154933	-0.154933	-0.282985	137.734869	0.210750	0.239452	1.753895	0.014104	11.8	1.9	17.3
899	-0.159383	-0.159383	-0.270347	138.010968	0.210384	0.662467	1.590672	0.028362	10.3	1.5	17.0
900	-0.161869	-0.161869	-0.255536	138.887306	0.209231	0.837685	2.021180	0.035772	2.9	1.6	9.5
901	-0.154299	-0.154299	-0.266630	139.887306	0.207931	0.380623	1.757215	0.016664	2.6	1.4	9.4
902	-0.161038	-0.161038	-0.259043	140.693844	0.206893	0.394698	1.752470	0.018079	2.8	1.4	13.9
903	-0.161200	-0.161200	-0.286994	141.693475	0.205622	0.892192	1.546025	0.039052	2.2	1.4	6.7
904	-0.163086	-0.163086	-0.245507	142.612271	0.204467	0.955618	1.508535	0.042294	4.6	1.6	13.4
905	-0.155337	-0.155337	-0.280398	143.612271	0.203225	0.479476	2.207063	0.026817	6.8	1.5	12.9
906	-0.147425	-0.147425	-0.267358	144.612271	0.201998	0.495578	1.635616	0.023526	3.5	1.7	10.5
907	-0.169155	-0.169155	-0.301418	144.150340	0.202563	0.644808	1.904725	0.028559	9.9	1.4	16.3
908	-0.155042	-0.155042	-0.276312	143.510236	0.203351	0.433132	1.899335	0.015779	3.3	1.5	9.7
909	-0.185302	-0.185302	-0.292201	144.060269	0.202674	0.541331	1.476550	0.029005	3.1	8.3	16.5
910	-0.149811	-0.149811	-0.258089	144.679748	0.201916	0.374005	1.891700	0.018510	2.8	1.6	9.5
911	-0.158591	-0.158591	-0.273552	144.040192	0.202698	0.554133	1.423560	0.023866	8.0	1.9	16.6
912	-0.166120	-0.166120	-0.290767	143.454163	0.203421	0.641586	1.825161	0.027617	2.6	1.3	8.7
913	-0.165758	-0.165758	-0.266671	142.814059	0.204216	0.644306	1.712020	0.027124	2.5	1.3	8.4
914	-0.162845	-0.162845	-0.288115	143.814059	0.202977	0.522490	2.031880	0.020653	7.6	1.4	14.1
915	-0.168261	-0.168261	-0.287001	143.348605	0.203551	0.662724	1.647863	0.032755	2.5	1.6	8.9
916	-0.153787	-0.153787	-0.252389	142.970391	0.204021	0.583142	1.798887	0.025306	7.1	1.7	14.3
917	-0.166227	-0.166227	-0.278499	142.330287	0.204820	0.522837	1.669570	0.022912	2.7	1.5	9.6
918	-0.158423	-0.158423	-0.292997	143.330234	0.203574	0.644485	1.589859	0.029092	7.8	1.5	14.4
919	-0.163619	-0.163619	-0.302811	143.160568	0.203785	0.332161	1.922042	0.013658	2.6	1.5	9.4
920	-0.153343	-0.153343	-0.285790	142.520464	0.204582	0.649981	1.836868	0.031614	2.7	1.7	9.4
921	-0.160724	-0.160724	-0.234652	143.520198	0.203339	0.883698	1.512356	0.042908	8.7	1.8	15.0
922	-0.152075	-0.152075	-0.245344	142.880095	0.204133	0.698100	2.054753	0.026595	2.3	1.5	8.5
923	-0.174140	-0.174140	-0.269239	143.880095	0.202895	0.408648	2.262142	0.022586	2.8	1.6	9.2
924	-0.171873	-0.171873	-0.286594	144.483050	0.202156	0.848788	1.661611	0.036734	8.2	1.8	16.5
925	-0.160865	-0.160865	-0.255891	143.843314	0.202941	0.476857	1.671116	0.022883	2.8	1.3	12.2
926	-0.172708	-0.172708	-0.315734	144.843314	0.201717	0.513243	1.651971	0.020611	9.4	1.5	16.2
927	-0.172508	-0.172508	-0.303567	145.843313	0.200508	0.741661	1.985796	0.036386	3.1	1.8	10.3
928	-0.161707	-0.161707	-0.263099	145.203315	0.201280	0.192389	1.727719	0.010650	2.6	1.4	8.8
929	-0.154764	-0.154764	-0.260568	144.563243	0.202058	0.465303	1.725499	0.026338	3.0	1.7	9.2
930	-0.152562	-0.152562	-0.278293	143.923150	0.202842	1.060835	1.702232	0.043615	20.1	1.5	26.3
931	-0.162958	-0.162958	-0.272866	144.923150	0.201620	0.571617	1.443967	0.028896	2.5	1.5	8.9
932	-0.164675	-0.164675	-0.284712	144.283046	0.202401	0.340865	1.784892	0.014570	2.5	1.6	7.3
933	-0.154525	-0.154525	-0.280671	145.147041	0.201348	0.663379	1.809748	0.028216	3.0	7.0	17.0
934	-0.162183	-0.162183	-0.295368	145.198649	0.201286	0.645742	1.791449	0.030202	2.9	2.1	10.3
935	-0.155181	-0.155181	-0.263968	144.558545	0.202064	0.573733	2.080270	0.022583	2.7	1.6	9.0
936	-0.170046	-0.170046	-0.318217	143.923265	0.202842	0.449658	1.332848	0.019451	3.4	8.4	17.7
937	-0.152626	-0.152626	-0.283553	144.892085	0.201658	0.307865	1.677257	0.023951	3.4	1.7	10.1
938	-0.161419	-0.161419	-0.290179	144.257930	0.202431	0.422029	1.610859	0.019653	2.4	1.6	8.9
939	-0.167767	-0.167767	-0.293389	143.617826	0.203218	0.260134	1.445719	0.021305	3.1	1.7	12.4
940	-0.150872	-0.150872	-0.281686	144.617826	0.201991	0.538268	1.749859	0.021156	2.6	1.6	9.0
941	-0.150267	-0.150267	-0.267248	145.153488	0.201340	0.542333	1.990940	0.023786	7.9	1.5	22.0
942	-0.172162	-0.172162	-0.289544	144.513384	0.202119	0.697017	1.934487	0.029673	2.5	1.5	8.6
943	-0.162931	-0.162931	-0.279542	143.873289	0.202904	0.407693	1.673051	0.019256	8.3	2.2	16.9
944	-0.158911	-0.158911	-0.285718	143.233185	0.203694	0.459147	1.792969	0.020915	2.6	1.5	6.9
945	-0.163601	-0.163601	-0.274804	142.595595	0.204488	0.479429	1.981557	0.026055	3.1	1.8	7.6
946	-0.162838	-0.162838	-0.252405	141.955501	0.205292	0.487970	1.586671	0.019068	2.4	6.4	12.8
947	-0.164746	-0.164746	-0.291834	142.889664	0.204121	0.473566	1.420074	0.024908	3.2	1.6	10.0
948	-0.156939	-0.156939	-0.284711	143.846632	0.202936	0.732940	1.915857	0.040304	2.5	1.4	6.7
949	-0.158109	-0.158109	-0.294024	144.846632	0.201713	0.719839	1.450445	0.031948	2.9	2.0	10.0
950	-0.165453	-0.165453	-0.298457	145.846620	0.200504	0.561289	1.638371	0.021680	7.8	1.4	13.9
951	-0.139929	-0.139929	-0.225987	146.846184	0.199310	0.722359	2.027812	0.030699	2.6	1.3	8.9
952	-0.153791	-0.153791	-0.263532	147.846184	0.198129	0.554525	1.518141	0.021366	8.2	1.5	13.6
953	-0.159668	-0.159668	-0.256731	147.206123	0.198883	0.485379	1.166505	0.022754	2.1	1.5	10.0
954	-0.155504	-0.155504	-0.250036	146.566040	0.199643	0.621771	2.124852	0.037388	2.8	1.7	9.2
955	-0.161980	-0.161980	-0.297636	147.566040	0.198459	0.485235	1.593793	0.025045	6.9	1.7	13.7
956	-0.160998	-0.160998	-0.290370	148.566040	0.197288	0.554855	1.729558	0.023989	2.6	1.8	9.1
957	-0.158247	-0.158247	-0.290356	149.538450	0.196163	0.485318	1.624557	0.029752	2.6	1.8	9.4
958	-0.165232	-0.165232	-0.276619	150.531243	0.195028	0.512921	1.409092	0.027633	7.0	1.4	13.5
959	-0.167698	-0.167698	-0.295657	149.919378	0.195726	0.417301	1.397699	0.029725	2.6	1.4	8.0
960	-0.159043	-0.159043	-0.260009	150.525702	0.195034	0.266551	1.606641	0.013906	2.7	1.4	7.0
961	-0.165107	-0.165107	-0.273288	151.425338	0.194017	0.290149	1.385471	0.013202	2.3	1.6	8.8
962	-0.158724	-0.158724	-0.293595	150.786070	0.194739	0.442725	1.414290	0.018314	6.9	1.3	13.2
963	-0.146749	-0.146749	-0.271267	150.170106	0.195439	0.450754	1.565192	0.026751	2.5	1.5	7.1
964	-0.160470	-0.160470	-0.270080	149.530287	0.196173	0.286396	1.527723	0.016542	2.1	1.6	8.4
965	-0.151076	-0.151076	-0.256256	150.516054	0.195045	0.560864	1.468251	0.025591	7.3	1.5	13.6
966	-0.182286	-0.182286	-0.311234	151.516054	0.193915	0.591861	1.606121	0.022826	3.0	1.4	9.3
967	-0.168502	-0.168502	-0.294426	152.516054	0.192797	0.558697	1.716262	0.022734	7.3	1.5	13.3
968	-0.160407	-0.160407	-0.260448	151.877277	0.193509	0.465114	1.850377	0.019645	2.4	1.5	8.5
969	-0.147613	-0.147613	-0.286421	151.237776	0.194228	0.484879	1.955582	0.024705	2.6	1.4	6.9
970	-0.153457	-0.153457	-0.257920	150.598327	0.194952	0.314257	1.834506	0.016568	2.7	7.5	14.0
971	-0.168913	-0.168913	-0.307417	149.958265	0.195682	0.657680	1.445794	0.029335	2.8	1.5	9.1
972	-0.149276	-0.149276	-0.264579	150.958160	0.194544	0.467133	2.040645	0.021247	3.9	1.8	12.7
973	-0.165952	-0.165952	-0.287649	150.318056	0.195271	0.541695	1.896328	0.021659	3.0	7.6	16.3
974	-0.155851	-0.155851	-0.261677	149.677953	0.196003	0.609084	2.034378	0.026100	5.8	2.0	14.8
975	-0.162394	-0.162394	-0.314779	150.677953	0.194861	0.660289	1.495386	0.028188	7.8	1.4	15.3
976	-0.169869	-0.169869	-0.310679	150.182088	0.195426	0.392543	1.318736	0.018279	4.5	1.8	13.2
977	-0.171494	-0.171494	-0.282055	149.541984	0.196159	0.623467	1.885650	0.031630	8.8	1.5	14.0
978	-0.154878	-0.154878	-0.263717	150.301838	0.195289	0.470790	1.815112	0.022154	3.4	1.4	7.8
979	-0.156621	-0.156621	-0.271949	150.839448	0.194678	0.637631	1.430502	0.028204	3.0	1.6	9.2
980	-0.165404	-0.165404	-0.286084	151.838949	0.193552	0.338392	1.644173	0.017008	7.7	1.4	13.9
981	-0.159043	-0.159043	-0.279038	152.464445	0.192854	0.388328	1.878777	0.021556	3.0	1.6	10.7
982	-0.160765	-0.160765	-0.250541	153.368647	0.191854	0.539148	1.919287	0.022532	7.1	1.4	13.3
983	-0.154757	-0.154757	-0.249097	152.908385	0.192362	0.647349	1.619863	0.030241	2.8	1.4	9.3
984	-0.158732	-0.158732	-0.288587	152.268283	0.193073	0.835430	1.857117	0.035332	2.8	1.6	8.9
985	-0.156920	-0.156920	-0.283558	152.143894	0.193211	0.496051	1.955874	0.024981	7.4	1.6	13.8
986	-0.166031	-0.166031	-0.264502	151.503790	0.193928	0.449857	1.620867	0.020878	2.5	1.6	11.0
987	-0.157566	-0.157566	-0.264717	150.863694	0.194651	0.410648	1.512335	0.019479	5.5	1.7	12.6
988	-0.161106	-0.161106	-0.284679	150.288221	0.195305	0.605288	1.538575	0.026728	2.6	1.4	9.7
989	-0.176981	-0.176981	-0.295750	149.648157	0.196037	0.645754	1.563236	0.029636	7.1	1.3	13.3
990	-0.166191	-0.166191	-0.270644	150.648157	0.194895	0.629746	1.889899	0.025570	2.6	1.5	9.2
991	-0.165914	-0.165914	-0.299800	151.648156	0.193766	0.748186	1.658525	0.034297	2.7	1.5	8.9
992	-0.157414	-0.157414	-0.273444	151.008053	0.194487	0.543309	1.748071	0.022562	7.1	1.5	13.6
993	-0.137231	-0.137231	-0.242753	150.367949	0.195214	0.432574	1.514640	0.021939	2.6	1.5	8.8
994	-0.153623	-0.153623	-0.247712	150.594245	0.194956	0.292278	1.336942	0.013238	9.1	2.1	16.5
995	-0.151194	-0.151194	-0.254720	150.022086	0.195609	0.527380	1.936905	0.025935	2.5	1.6	11.5
996	-0.164357	-0.164357	-0.284530	149.416496	0.196304	0.840913	1.474550	0.034678	7.0	2.4	16.1
997	-0.160278	-0.160278	-0.299157	148.776419	0.197044	0.580377	1.333486	0.025714	2.8	1.4	9.5
998	-0.168384	-0.168384	-0.271819	149.776414	0.195890	0.447240	1.852859	0.019566	8.0	1.7	13.3
999	-0.150018	-0.150018	-0.288927	150.658877	0.194883	0.687564	1.597562	0.026957	2.4	1.5	7.1
